time,offered_load_mbps,accepted_load_mbps,capacity_sum_mbps,goodput_sum_mbps,served_step_mb,queue_sum,blocked_rate,blocked_queue_cap_rate,blocked_timeout_rate,acceptance_rate,service_rate,mean_served_delay_s,p95_served_delay_s,mean_timeout_delay_s,utilization,fairness
0.0,626.4628530623658,626.4628530623658,104.04204037793566,104.04204037793566,13.005255047241958,4,0.0,0.0,0.0,1.0,0.0,0.0,0.0,0.0,0.5,0.9975212029767087
1.0,290.5275635658817,290.5275635658817,125.69295757443317,125.69295757443317,15.711619696804146,5,0.0,0.0,0.0,1.0,0.16666666666666666,2.0,2.0,0.0,0.625,0.9948011527951626
2.0,1218.324600568409,1218.324600568409,193.10941754007047,187.01065278506206,23.376331598132758,7,0.0,0.0,0.0,1.0,0.2222222222222222,2.5,3.0,0.0,1.0,0.9976064462189588
3.0,170.54186142157727,170.54186142157727,196.87321828531816,196.87321828531816,24.60915228566477,9,0.0,0.0,0.0,1.0,0.18181818181818182,2.5,3.0,0.0,1.0,0.9550618316200989
4.0,209.74945807056625,209.74945807056625,186.27216545834835,186.27216545834835,23.284020682293544,11,0.0,0.0,0.0,1.0,0.15384615384615385,2.5,3.0,0.0,1.0,0.9846382986021075
5.0,0.0,0.0,185.92401485095144,185.92401485095144,23.24050185636893,11,0.0,0.0,0.0,1.0,0.15384615384615385,2.5,3.0,0.0,1.0,0.9870166419519267
6.0,267.2759695183686,267.2759695183686,179.832453331327,164.0835364426639,20.510442055332987,12,0.0,0.0,0.0,1.0,0.2,3.6666666666666665,6.0,0.0,1.0,0.9798348317983713
7.0,48.028633441697934,48.028633441697934,182.64669206555743,159.1131525231316,19.88914406539145,11,0.0,0.0,0.0,1.0,0.35294117647058826,3.6666666666666665,6.0,0.0,1.0,0.9835574408114844
8.0,651.168262851825,651.168262851825,175.22310529081005,175.22310529081005,21.902888161351257,15,0.0,0.0,0.0,1.0,0.2857142857142857,3.6666666666666665,6.0,0.0,1.0,0.9772774696648239
9.0,81.01212260693501,81.01212260693501,174.6903163330426,174.69031633304257,21.83628954163032,17,0.0,0.0,0.0,1.0,0.2608695652173913,3.6666666666666665,6.0,0.0,1.0,0.9809044025834226
10.0,478.69115243361233,478.69115243361233,167.63271668924426,158.16193971996142,19.770242464995178,20,0.0,0.0,0.0,1.0,0.25925925925925924,3.5714285714285716,6.0,0.0,1.0,0.9587577932659465
11.0,877.2405920804042,877.2405920804042,166.90585495533054,166.90585495533054,20.863231869416317,22,0.0,0.0,0.0,1.0,0.26666666666666666,4.125,8.0,0.0,1.0,0.9860463379220026
12.0,131.68860510649458,131.68860510649458,162.53645190152443,162.53645190152443,20.317056487690554,25,0.0,0.0,0.0,1.0,0.24242424242424243,4.125,8.0,0.0,1.0,0.9806728316284856
13.0,2034.2427382250214,2034.2427382250214,162.78552263655146,162.78552263655146,20.348190329568933,30,0.0,0.0,0.0,1.0,0.23076923076923078,5.222222222222222,14.0,0.0,1.0,0.9812346547724324
14.0,578.5019569965767,578.5019569965767,163.02703658654426,163.02703658654428,20.378379573318036,33,0.0,0.0,0.0,1.0,0.23255813953488372,5.4,14.0,0.0,1.0,0.9817867754834786
15.0,161.11299141397194,161.11299141397194,159.83961896217272,159.83961896217272,19.97995237027159,35,0.0,0.0,0.0,1.0,0.2391304347826087,6.2727272727272725,15.0,0.0,1.0,0.962039175467623
16.0,832.7088388398445,832.7088388398445,149.7797792092373,149.29255549120953,18.66156943640119,38,0.0,0.0,0.0,1.0,0.2549019607843137,7.076923076923077,14.0,0.0,1.0,0.9393630692936289
17.0,1605.9631404843642,1605.9631404843642,150.74619586920363,150.7461958692036,18.84327448365045,47,0.0,0.0,0.0,1.0,0.21666666666666667,7.076923076923077,14.0,0.0,1.0,0.9300446704102705
18.0,531.1949010184777,531.1949010184777,152.17830945919636,152.17830945919636,19.022288682399545,46,0.0,0.0,0.0,1.0,0.25806451612903225,8.8125,17.0,0.0,1.0,0.9141535592165727
19.0,528.6329461043349,456.5476559713388,152.58123289035535,152.5812328903554,19.072654111294426,49,0.014925373134328358,0.014925373134328358,0.0,0.9850746268656716,0.2537313432835821,8.764705882352942,17.0,0.0,1.0,0.9108443018398534
20.0,1327.2567184812733,1327.2567184812733,152.41082777815973,152.41082777815973,19.051353472269966,58,0.013157894736842105,0.013157894736842105,0.0,0.9868421052631579,0.2236842105263158,8.764705882352942,17.0,0.0,1.0,0.913383137120825
21.0,434.29618438376855,434.29618438376855,151.31194013699297,151.31194013699303,18.91399251712413,62,0.0125,0.0125,0.0,0.9875,0.2125,8.764705882352942,17.0,0.0,1.0,0.9262692548194223
22.0,2185.68902575742,2185.68902575742,150.09665855193342,143.9306509464949,17.99133136831186,65,0.011764705882352941,0.011764705882352941,0.0,0.9882352941176471,0.2235294117647059,8.947368421052632,17.0,0.0,1.0,0.9417961439478902
23.0,1552.6665897700855,1415.2870292297505,153.16949107138797,153.169491071388,19.1461863839235,67,0.02247191011235955,0.02247191011235955,0.0,0.9775280898876404,0.2247191011235955,8.95,17.0,0.0,1.0,0.9670062925383407
24.0,426.37673389885083,343.67411993592657,153.4272264464711,153.42722644647114,19.178403305808892,68,0.03260869565217391,0.03260869565217391,0.0,0.967391304347826,0.22826086956521738,9.619047619047619,19.0,0.0,1.0,0.9653106768354742
25.0,630.9501269548376,560.3501255643293,153.8325788714226,153.8325788714226,19.229072358927827,67,0.0425531914893617,0.0425531914893617,0.0,0.9574468085106383,0.24468085106382978,10.130434782608695,20.0,0.0,1.0,0.961265033301938
26.0,312.6091015453621,284.3257602208377,154.33717398208293,154.33717398208293,19.292146747760366,70,0.05102040816326531,0.05102040816326531,0.0,0.9489795918367347,0.23469387755102042,10.130434782608695,20.0,0.0,1.0,0.9550440102275211
27.0,883.8726585849106,883.8726585849106,154.64988247127098,154.649882471271,19.331235308908877,71,0.05,0.05,0.0,0.95,0.24,10.541666666666666,20.0,0.0,1.0,0.9501153427624317
28.0,2035.9773589430222,2035.9773589430222,147.93616802289912,147.93616802289912,18.49202100286239,74,0.04807692307692308,0.04807692307692308,0.0,0.9519230769230769,0.2403846153846154,10.88,20.0,0.0,1.0,0.9687671146083762
29.0,888.6313129181699,503.72659004731116,147.90842363257875,147.90842363257877,18.488552954072347,76,0.06481481481481481,0.06481481481481481,0.0,0.9351851851851852,0.23148148148148148,10.88,20.0,0.0,1.0,0.9712584617536517
30.0,1764.704293885738,418.72881456900643,148.24640750086127,148.24640750086127,18.53080093760766,78,0.1271186440677966,0.1271186440677966,0.0,0.8728813559322034,0.211864406779661,10.88,20.0,0.0,1.0,0.9676200959922318
31.0,120.47191285488744,120.47191285488744,149.88275609758432,149.88275609758432,18.73534451219804,77,0.125,0.125,0.0,0.875,0.23333333333333334,11.892857142857142,22.0,0.0,1.0,0.943867945869054
32.0,494.55232924370125,149.9179000794154,150.73274935468993,150.73274935468993,18.84159366933624,77,0.14516129032258066,0.14516129032258066,0.0,0.8548387096774194,0.23387096774193547,12.275862068965518,23.0,0.0,1.0,0.9353117017851975
33.0,1085.484527068971,442.20571604433434,150.99597059551832,150.9959705955183,18.874496324439786,80,0.16153846153846155,0.16153846153846155,0.0,0.8384615384615385,0.2230769230769231,12.275862068965518,23.0,0.0,1.0,0.9333003094040898
34.0,241.59032048089105,137.86759966822737,151.13831566135897,151.13831566135894,18.892289457669868,82,0.16541353383458646,0.16541353383458646,0.0,0.8345864661654135,0.21804511278195488,12.275862068965518,23.0,0.0,1.0,0.9325871596140705
35.0,119.03360093715818,43.597104249198736,151.38765051320402,151.387650513204,18.9234563141505,82,0.18248175182481752,0.18248175182481752,0.0,0.8175182481751825,0.21897810218978103,12.533333333333333,23.0,0.0,1.0,0.9312041498244046
36.0,861.5968929175358,639.9482114558598,151.5766052354772,151.5766052354772,18.94707565443465,85,0.19014084507042253,0.19014084507042253,0.0,0.8098591549295775,0.2112676056338028,12.533333333333333,23.0,0.0,1.0,0.9306333194413432
37.0,497.1478410238963,158.55460249776223,152.32748941178633,152.32748941178636,19.040936176473295,86,0.19444444444444445,0.19444444444444445,0.0,0.8055555555555556,0.20833333333333334,12.533333333333333,23.0,0.0,1.0,0.9238866283067481
38.0,397.41516701891027,0.0,153.115904104194,153.11590410419402,19.139488013024252,86,0.21621621621621623,0.21621621621621623,0.0,0.7837837837837838,0.20270270270270271,12.533333333333333,23.0,0.0,1.0,0.9166240965792025
39.0,395.55476901068477,0.0,153.1854928229834,153.18549282298343,19.14818660287293,86,0.23178807947019867,0.23178807947019867,0.0,0.7682119205298014,0.1986754966887417,12.533333333333333,23.0,0.0,1.0,0.9155186799764903
40.0,1420.8193359758016,659.8808747222728,152.92278043436153,152.92278043436156,19.115347554295194,87,0.24358974358974358,0.24358974358974358,0.0,0.7564102564102564,0.1987179487179487,13.064516129032258,23.0,0.0,1.0,0.9186595564500664
41.0,472.08774112331923,283.13216778604465,151.74529750200543,151.74529750200546,18.968162187750682,87,0.25625,0.25625,0.0,0.74375,0.2,13.625,23.0,0.0,1.0,0.9356416852873636
42.0,1200.913177245335,382.7955715646086,150.686502858299,150.68650285829906,18.835812857287383,88,0.26666666666666666,0.2606060606060606,0.006060606060606061,0.7393939393939394,0.2,13.93939393939394,24.0,40.0,1.0,0.9492715094002901
43.0,2208.031934852948,0.0,150.3162907829168,150.3162907829168,18.7895363478646,87,0.3045977011494253,0.2988505747126437,0.005747126436781609,0.7011494252873564,0.19540229885057472,14.529411764705882,29.0,40.0,1.0,0.953422803883114
44.0,779.7700663385112,135.83926459675507,150.2977956642818,150.2977956642818,18.787224458035226,86,0.31843575418994413,0.3128491620111732,0.00558659217877095,0.6871508379888268,0.2011173184357542,15.194444444444445,29.0,40.0,1.0,0.953887391970226
45.0,395.3906472634676,395.3906472634676,150.23872704269547,150.23872704269547,18.779840880336934,87,0.31666666666666665,0.3111111111111111,0.005555555555555556,0.6888888888888889,0.2,15.194444444444445,29.0,40.0,1.0,0.9544906188324151
46.0,1860.5358618119099,250.5577985811848,150.22911902758761,150.22911902758764,18.778639878448455,88,0.33689839572192515,0.3315508021390374,0.0053475935828877,0.6684491978609626,0.1925133689839572,15.194444444444445,29.0,40.0,1.0,0.9544683913283094
47.0,512.5677630672171,0.0,149.85801377622386,149.85801377622386,18.732251722027982,87,0.3507853403141361,0.34554973821989526,0.005235602094240838,0.6544502617801047,0.193717277486911,15.72972972972973,31.0,40.0,1.0,0.9576950404041435
48.0,1267.0605778567647,137.263911024534,150.17648504055435,150.17648504055438,18.772060630069298,87,0.37373737373737376,0.36363636363636365,0.010101010101010102,0.6363636363636364,0.18686868686868688,15.72972972972973,31.0,40.0,1.0,0.9526607379385758
49.0,1034.5805974597201,0.0,149.47640889837234,149.47640889837237,18.684551112296546,86,0.39705882352941174,0.38235294117647056,0.014705882352941176,0.6176470588235294,0.18137254901960784,15.72972972972973,31.0,40.0,1.0,0.9616798233712879
50.0,528.8658573944803,0.0,149.7417040511905,149.7417040511905,18.717713006398814,85,0.4029126213592233,0.3883495145631068,0.014563106796116505,0.6116504854368932,0.18446601941747573,16.210526315789473,34.0,40.0,1.0,0.9560952394614918
51.0,854.1897138106575,0.0,150.6322666635999,150.63226666359992,18.82903333294999,84,0.41626794258373206,0.39712918660287083,0.019138755980861243,0.6028708133971292,0.18181818181818182,16.210526315789473,34.0,40.0,1.0,0.9410678585850049
52.0,457.3758346777918,0.0,151.30956958700676,151.30956958700676,18.913696198375845,83,0.42924528301886794,0.4056603773584906,0.02358490566037736,0.5943396226415094,0.1792452830188679,16.210526315789473,34.0,40.0,1.0,0.9339023119456736
53.0,351.78993243988225,214.5327136874331,151.4483283200789,151.44832832007887,18.93104104000986,79,0.4537037037037037,0.4074074074074074,0.046296296296296294,0.5925925925925926,0.18055555555555555,16.692307692307693,34.0,40.0,1.0,0.9323267453054855
54.0,956.3413573138669,673.5863908510066,151.43440827254696,151.43440827254693,18.929301034068367,77,0.47058823529411764,0.4117647058823529,0.058823529411764705,0.5882352941176471,0.18099547511312217,17.225,35.0,40.0,1.0,0.9317417323217397
55.0,279.36937366648885,152.86079968468948,151.38765051320402,151.38765051320402,18.923456314150503,79,0.4711111111111111,0.4088888888888889,0.06222222222222222,0.5911111111111111,0.17777777777777778,17.225,35.0,40.0,1.0,0.9312041498244047
56.0,2301.892268113349,1034.631252003142,151.31498735033142,151.31498735033145,18.91437341879143,78,0.48917748917748916,0.4155844155844156,0.0735930735930736,0.5844155844155844,0.17316017316017315,17.225,35.0,40.0,1.0,0.9311752653855905
57.0,1078.3368433856003,281.078521662393,151.38023480603235,151.38023480603238,18.922529350754047,75,0.5168067226890757,0.42016806722689076,0.09663865546218488,0.5798319327731093,0.16806722689075632,17.225,35.0,40.0,1.0,0.9302065570364249
58.0,1207.3834633944632,831.4934224614727,151.24577867578242,151.24577867578242,18.905722334472802,77,0.5182186234817814,0.41700404858299595,0.10121457489878542,0.582995951417004,0.1700404858299595,18.261904761904763,38.0,40.0,1.0,0.9309136721497171
59.0,390.8780367185235,390.8780367185235,151.88535844345947,151.88535844345952,18.98566980543244,77,0.5220883534136547,0.41365461847389556,0.10843373493975904,0.5863453815261044,0.1686746987951807,18.261904761904763,38.0,40.0,1.0,0.923230556710616
60.0,796.709703530364,244.88502375486775,152.04561275558413,152.04561275558416,19.00570159444802,73,0.54296875,0.4140625,0.12890625,0.5859375,0.171875,18.84090909090909,38.0,40.0,1.0,0.9198003150472268
61.0,1895.0976798651718,1895.0976798651718,150.73209317667852,150.73209317667855,18.84151164708482,77,0.5416666666666666,0.4015151515151515,0.14015151515151514,0.5984848484848485,0.16666666666666666,18.84090909090909,38.0,40.0,1.0,0.936993177328349
62.0,422.56728671370126,303.58454119141743,149.77869900086304,149.77869900086307,18.722337375107884,74,0.5580524344569289,0.40074906367041196,0.15730337078651685,0.599250936329588,0.1647940074906367,18.84090909090909,38.0,40.0,1.0,0.9467594410160926
63.0,844.1276527870558,326.2296255422124,149.55230775396325,149.55230775396328,18.69403846924541,71,0.5719557195571956,0.4059040590405904,0.16605166051660517,0.5940959409594095,0.16605166051660517,18.91111111111111,38.0,40.0,1.0,0.9482984863026928
64.0,1110.2768155072174,892.6285922346993,149.59633668105764,149.59633668105766,18.699542085132208,73,0.5703971119133574,0.4007220216606498,0.16967509025270758,0.5992779783393501,0.16606498194945848,19.304347826086957,38.0,40.0,1.0,0.947790545166998
65.0,677.2075783354147,677.2075783354147,149.63702929065917,149.63702929065917,18.704628661332396,75,0.5678571428571428,0.3964285714285714,0.17142857142857143,0.6035714285714285,0.16428571428571428,19.304347826086957,38.0,40.0,1.0,0.947300422732075
66.0,817.7454472771886,52.19658546958028,149.66494314299834,149.66494314299837,18.708117892874796,74,0.5754385964912281,0.4,0.17543859649122806,0.6,0.1649122807017544,19.148936170212767,38.0,40.0,1.0,0.9467915841500278
67.0,0.0,0.0,150.37298982542353,150.37298982542353,18.79662372817794,72,0.5824561403508772,0.4,0.1824561403508772,0.6,0.1649122807017544,19.148936170212767,38.0,40.0,1.0,0.9390002031412334
68.0,832.4255944288442,777.4908474805881,149.88126707355744,149.88126707355747,18.735158384194683,71,0.5896551724137931,0.4,0.1896551724137931,0.6,0.16551724137931034,19.5,38.0,40.0,1.0,0.9432765864266999
69.0,468.25280719616774,468.25280719616774,149.45553025263857,149.4555302526386,18.681941281579824,70,0.5924657534246576,0.3972602739726027,0.1952054794520548,0.6027397260273972,0.1678082191780822,19.285714285714285,38.0,40.0,1.0,0.9480412652619495
70.0,22.344923379778148,22.344923379778148,149.32576253117716,149.32576253117713,18.66572031639714,69,0.5952380952380952,0.3945578231292517,0.20068027210884354,0.6054421768707483,0.17006802721088435,19.7,39.0,40.0,1.0,0.9494894324786972
71.0,685.2964666999945,372.7606152029251,149.68659352614642,149.6865935261464,18.7108241907683,72,0.5919732441471572,0.391304347826087,0.20066889632107024,0.6086956521739131,0.16722408026755853,19.7,39.0,40.0,1.0,0.9427840160191128
72.0,829.9485478918575,338.2003399654259,149.52090702999206,149.52090702999203,18.690113378749004,73,0.5927152317880795,0.39072847682119205,0.20198675496688742,0.609271523178808,0.16556291390728478,19.7,39.0,40.0,1.0,0.9437496735904415
73.0,391.64266318759337,192.02174858319339,149.4061917022905,149.4061917022905,18.675773962786312,71,0.5980392156862745,0.39215686274509803,0.20588235294117646,0.6078431372549019,0.16993464052287582,20.01923076923077,39.0,40.0,1.0,0.9440202530606128
74.0,2024.245064635556,643.2600924600824,149.28488828808315,149.28488828808315,18.660611036010394,75,0.5916398713826366,0.3890675241157556,0.20257234726688103,0.6109324758842444,0.16720257234726688,20.01923076923077,39.0,40.0,1.0,0.9442258031905639
75.0,67.64069823465248,49.04694415128387,149.15767269453232,149.15767269453232,18.64470908681654,74,0.5942492012779552,0.38977635782747605,0.20447284345047922,0.610223642172524,0.16932907348242812,20.39622641509434,39.0,40.0,1.0,0.9443696654036573
76.0,1282.0767584082112,630.6215360152646,149.02541181370026,149.02541181370032,18.62817647671254,75,0.5987460815047022,0.39184952978056425,0.20689655172413793,0.6081504702194357,0.16614420062695925,20.39622641509434,39.0,40.0,1.0,0.9444549467459743
77.0,1484.0841332317948,1484.0841332317948,148.4735582667165,148.47355826671657,18.55919478333957,79,0.5925925925925926,0.38580246913580246,0.20679012345679013,0.6141975308641975,0.16358024691358025,20.39622641509434,39.0,40.0,1.0,0.9491243705519122
78.0,241.72896792471266,0.0,148.87373816556922,148.87373816556925,18.609217270696156,78,0.5938461538461538,0.38769230769230767,0.20615384615384616,0.6123076923076923,0.16615384615384615,20.5,39.0,40.0,1.0,0.9434265002753556
79.0,446.90783957250477,400.8557137993515,149.8792289215616,149.8792289215616,18.7349036151952,79,0.5914634146341463,0.3871951219512195,0.20426829268292682,0.6128048780487805,0.1676829268292683,20.509090909090908,39.0,40.0,1.0,0.9280766849351597
80.0,84.44857943509993,27.95231485776494,149.86921591858268,149.8692159185827,18.73365198982284,78,0.5969696969696969,0.3878787878787879,0.20909090909090908,0.6121212121212121,0.16666666666666666,20.509090909090908,39.0,40.0,1.0,0.9258559362006938
81.0,211.50182791593343,211.50182791593343,149.04528765434492,149.04528765434495,18.63066095679312,77,0.5981873111782477,0.3867069486404834,0.21148036253776434,0.6132930513595166,0.1691842900302115,20.660714285714285,39.0,40.0,1.0,0.9360318242518786
82.0,984.6541725715226,538.9720593903743,148.411583453864,148.41158345386404,18.551447931733005,79,0.6005917159763313,0.3875739644970414,0.21301775147928995,0.6124260355029586,0.16568047337278108,20.660714285714285,39.0,40.0,1.0,0.9405665153835976
83.0,303.3519063655123,303.3519063655123,148.30231475212346,143.70396595229323,17.962995744036654,79,0.5988200589970502,0.3864306784660767,0.21238938053097345,0.6135693215339233,0.168141592920354,20.649122807017545,39.0,40.0,1.0,0.9403245319550669
84.0,860.5830400801764,502.73972555811145,152.30105283661084,152.30105283661084,19.037631604576355,78,0.6011730205278593,0.3870967741935484,0.21407624633431085,0.6129032258064516,0.17008797653958943,20.75862068965517,39.0,40.0,1.0,0.9426126395758274
85.0,165.5574050233853,0.0,151.13766438278532,151.13766438278532,18.892208047848165,76,0.6064139941690962,0.39067055393586003,0.21574344023323616,0.60932944606414,0.17201166180758018,20.779661016949152,39.0,40.0,1.0,0.9551484190405051
86.0,1295.242619655695,248.28255734961752,150.66186618506035,150.66186618506038,18.832733273132547,77,0.6051873198847262,0.38904899135446686,0.21613832853025935,0.6109510086455331,0.1729106628242075,20.966666666666665,39.0,40.0,1.0,0.9609289301148192
87.0,135.65369490791392,135.65369490791392,150.5973945491644,150.5973945491644,18.82467431864555,76,0.6017191977077364,0.3868194842406877,0.2148997134670487,0.6131805157593123,0.18051575931232092,21.58730158730159,40.0,40.0,1.0,0.9615986639117402
88.0,525.6676058623236,451.74787730795396,150.60571858474447,150.60571858474447,18.825714823093058,76,0.6005665722379604,0.3881019830028329,0.21246458923512748,0.6118980169971672,0.18413597733711048,21.892307692307693,40.0,40.0,1.0,0.9616689198518359
89.0,634.7631701732852,203.39876634047852,150.83066387719265,150.83066387719268,18.853832984649085,77,0.5994397759103641,0.38935574229691877,0.21008403361344538,0.6106442577030813,0.18487394957983194,22.075757575757574,40.0,40.0,1.0,0.9599500953197208
90.0,1263.9840285524112,530.7561653464375,151.4810038602709,151.4810038602709,18.935125482533863,81,0.5972602739726027,0.3917808219178082,0.2054794520547945,0.6082191780821918,0.18082191780821918,22.075757575757574,40.0,40.0,1.0,0.9522377260221395
91.0,1182.3206520100182,398.72696145677753,148.24933630766986,148.24933630766984,18.53116703845873,83,0.6016042780748663,0.40106951871657753,0.20053475935828877,0.5989304812834224,0.17647058823529413,22.075757575757574,40.0,40.0,1.0,0.9423935944226445
92.0,207.84741006960286,0.0,148.02439101522168,148.02439101522168,18.50304887690271,83,0.6026666666666667,0.4026666666666667,0.2,0.5973333333333334,0.176,22.075757575757574,40.0,40.0,1.0,0.9443601952748497
93.0,709.1786786885145,322.6678433293732,148.0160669796416,148.01606697964158,18.502008372455197,84,0.6015831134564644,0.40369393139841686,0.19788918205804748,0.5963060686015831,0.17678100263852242,22.253731343283583,40.0,40.0,1.0,0.9442919683306722
94.0,2109.251303319209,290.15586810421115,148.0045890258233,148.00458902582332,18.500573628227915,82,0.6072351421188631,0.4108527131782946,0.19638242894056848,0.5891472868217055,0.18087855297157623,22.942857142857143,40.0,40.0,1.0,0.9441952289775243
95.0,732.3450869007472,62.88414451694148,147.9900821270764,147.99008212707642,18.498760265884552,81,0.6076923076923076,0.4128205128205128,0.19487179487179487,0.5871794871794872,0.18461538461538463,23.194444444444443,40.0,40.0,1.0,0.9440688420051349
96.0,769.5530816653275,578.1667045021163,147.4833622106766,147.48336221067663,18.43542027633458,81,0.610126582278481,0.4151898734177215,0.1949367088607595,0.5848101265822785,0.1848101265822785,23.21917808219178,40.0,40.0,1.0,0.9495632949140832
97.0,508.51176375490417,8.0,147.5233913365185,147.52339133651856,18.44042391706482,79,0.6159600997506235,0.42144638403990026,0.19451371571072318,0.5785536159600998,0.18703241895261846,23.6,40.0,40.0,1.0,0.9494713167653078
98.0,772.3645865397348,362.28875566123594,148.37848474122444,148.37848474122447,18.54731059265306,78,0.6188118811881188,0.4207920792079208,0.19801980198019803,0.5792079207920792,0.18811881188118812,23.67105263157895,40.0,40.0,1.0,0.9412644791069658
99.0,816.8339594977865,378.46203849668444,149.12347351973287,149.1234735197329,18.640434189966612,78,0.6210268948655256,0.4229828850855746,0.1980440097799511,0.5770171149144254,0.1882640586797066,23.545454545454547,40.0,40.0,1.0,0.9330012035239942
100.0,168.47052078820823,0.0,149.13346639467008,149.1334663946701,18.641683299333764,76,0.6253041362530414,0.4257907542579075,0.19951338199513383,0.5742092457420924,0.1897810218978102,23.41025641025641,40.0,40.0,1.0,0.9354272934146338
101.0,437.23677091241325,292.1455577005193,148.84991162576912,148.84991162576915,18.606238953221144,71,0.6385542168674698,0.42650602409638555,0.21204819277108433,0.5734939759036145,0.19036144578313252,23.367088607594937,40.0,40.0,1.0,0.9412430518779997
102.0,1401.4723837770764,798.9831532129025,148.96873916093688,148.9687391609369,18.621092395117113,74,0.6374407582938388,0.4265402843601896,0.2109004739336493,0.5734597156398105,0.1872037914691943,23.367088607594937,40.0,40.0,1.0,0.9416280619314377
103.0,1019.2615526071113,536.9768038950428,149.09235699157517,149.09235699157514,18.636544623946893,74,0.6384976525821596,0.4272300469483568,0.2112676056338028,0.5727699530516432,0.18779342723004694,23.525,40.0,40.0,1.0,0.9419185748585484
104.0,1257.5498035483668,784.5031639669719,149.20728117837248,149.2072811783725,18.650910147296564,74,0.6412037037037037,0.42592592592592593,0.2152777777777778,0.5740740740740741,0.1875,23.679012345679013,40.0,40.0,1.0,0.9422281376540718
105.0,1003.6270697097921,494.23312113615884,149.91336449774326,149.9133644977433,18.73917056221791,72,0.6453089244851259,0.425629290617849,0.21967963386727687,0.5743707093821511,0.18993135011441648,23.83132530120482,40.0,40.0,1.0,0.9364720834178405
106.0,908.1123788054797,908.1123788054797,150.01688911754434,150.01688911754434,18.752111139693042,73,0.6431818181818182,0.42272727272727273,0.22045454545454546,0.5772727272727273,0.19090909090909092,23.952380952380953,40.0,40.0,1.0,0.936716551625556
107.0,333.04558840690714,296.768943829496,150.10823713680645,150.10823713680645,18.763529642100806,74,0.6425339366515838,0.4230769230769231,0.21945701357466063,0.5769230769230769,0.19004524886877827,23.952380952380953,40.0,40.0,1.0,0.9369856495669276
108.0,755.8699483610617,542.3957111942738,150.11064913272375,150.11064913272375,18.76383114159047,73,0.6442953020134228,0.4228187919463087,0.2214765100671141,0.5771812080536913,0.19239373601789708,23.88372093023256,40.0,40.0,1.0,0.9380885855634434
109.0,997.8293842128431,926.248269732757,150.62046500812616,150.62046500812616,18.82755812601577,73,0.6444444444444445,0.4222222222222222,0.2222222222222222,0.5777777777777777,0.19333333333333333,24.04597701149425,40.0,40.0,1.0,0.931771032222243
110.0,1530.5041313357892,518.8503154354547,150.58158289640727,150.58158289640724,18.822697862050905,74,0.643956043956044,0.42417582417582417,0.21978021978021978,0.5758241758241758,0.1934065934065934,24.011363636363637,40.0,40.0,1.0,0.9338746527532391
111.0,8.0,8.0,150.26662841220391,150.26662841220391,18.78332855152549,71,0.6513157894736842,0.4232456140350877,0.22807017543859648,0.5767543859649122,0.19298245614035087,24.011363636363637,40.0,40.0,1.0,0.9382974292141906
112.0,0.0,0.0,149.90809743413317,149.90809743413317,18.738512179266646,70,0.6513157894736842,0.4232456140350877,0.22807017543859648,0.5767543859649122,0.19517543859649122,24.01123595505618,40.0,40.0,1.0,0.9419435153536267
113.0,560.7133936052361,560.7133936052361,149.98689096648897,149.98689096648897,18.74836137081112,74,0.6464208242950108,0.41865509761388287,0.227765726681128,0.5813449023861171,0.19305856832971802,24.01123595505618,40.0,40.0,1.0,0.9412923083597327
114.0,102.15187893939216,102.15187893939216,150.05860090633118,150.05860090633118,18.757325113291397,70,0.6536796536796536,0.41774891774891776,0.23593073593073594,0.5822510822510822,0.19480519480519481,23.966666666666665,40.0,40.0,1.0,0.9405543464425261
115.0,2607.249749288425,2064.27668463233,149.4050313352686,149.4050313352686,18.675628916908575,75,0.6496815286624203,0.416135881104034,0.23354564755838642,0.583864118895966,0.1910828025477707,23.966666666666665,40.0,40.0,1.0,0.9473952801008818
116.0,639.9733249405107,100.63027217476258,149.44969740212974,149.44969740212977,18.68121217526622,73,0.6547368421052632,0.4168421052631579,0.23789473684210527,0.5831578947368421,0.19157894736842104,23.934065934065934,40.0,40.0,1.0,0.94661478375836
117.0,0.0,0.0,149.6615336561068,149.66153365610683,18.707691707013353,67,0.6652631578947369,0.4168421052631579,0.24842105263157896,0.5831578947368421,0.1936842105263158,23.967391304347824,39.0,40.0,1.0,0.9443473362135558
118.0,1704.4066863658234,112.8179035584254,149.92785319287097,149.92785319287097,18.74098164910887,70,0.6625,0.4166666666666667,0.24583333333333332,0.5833333333333334,0.19166666666666668,23.967391304347824,39.0,40.0,1.0,0.9415829183435407
119.0,755.3371392524186,755.3371392524186,150.13496254271067,150.1349625427107,18.766870317838837,69,0.6652806652806653,0.4158004158004158,0.2494802494802495,0.5841995841995842,0.19126819126819128,23.967391304347824,39.0,40.0,1.0,0.9398056789858277
120.0,896.0722947833012,353.5531678328339,149.53581003698505,149.53581003698505,18.691976254623132,70,0.6646090534979424,0.4156378600823045,0.24897119341563786,0.5843621399176955,0.19135802469135801,23.946236559139784,39.0,40.0,1.0,0.9518977881772005
121.0,778.6353638918345,585.1274072259588,149.6336060945443,149.6336060945443,18.704200761818036,72,0.6646341463414634,0.4166666666666667,0.24796747967479674,0.5833333333333334,0.18902439024390244,23.946236559139784,39.0,40.0,1.0,0.9516748345387918
122.0,1044.0086880230897,779.5505145261609,149.79349469951111,149.79349469951111,18.72418683743889,73,0.6653225806451613,0.4153225806451613,0.25,0.5846774193548387,0.1875,23.946236559139784,39.0,40.0,1.0,0.9511205199097831
123.0,801.4477916372955,776.1605664932149,149.83309966507903,149.83309966507903,18.72913745813488,75,0.6626746506986028,0.41317365269461076,0.249500998003992,0.5868263473053892,0.18762475049900199,24.085106382978722,39.0,40.0,1.0,0.9515410144353231
124.0,1037.7872264396437,822.8146111927088,150.71643500554794,150.71643500554794,18.839554375693492,77,0.6607495069033531,0.41222879684418146,0.2485207100591716,0.5877712031558185,0.1873767258382643,24.05263157894737,39.0,40.0,1.0,0.942814149258858
125.0,523.4450726575838,156.22789949367518,150.97827786959581,150.97827786959584,18.87228473369948,78,0.6588235294117647,0.4117647058823529,0.24705882352941178,0.5882352941176471,0.18823529411764706,23.9375,39.0,40.0,1.0,0.9413032971728168
126.0,391.64966984579405,319.61257523320137,151.06664328994455,151.06664328994458,18.883330411243072,78,0.6595330739299611,0.41245136186770426,0.24708171206225682,0.5875486381322957,0.188715953307393,23.95876288659794,39.0,40.0,1.0,0.9413358792482271
127.0,836.2708275606326,824.7270574935071,151.26975766863282,151.2697576686328,18.9087197085791,82,0.6557692307692308,0.4096153846153846,0.24615384615384617,0.5903846153846154,0.18653846153846154,23.95876288659794,39.0,40.0,1.0,0.9401316199172178
128.0,572.6415496628033,156.46425512225125,151.9572998308033,151.9572998308033,18.99466247885041,82,0.6564885496183206,0.41030534351145037,0.24618320610687022,0.5896946564885496,0.18702290076335878,23.8265306122449,39.0,40.0,1.0,0.9333361395228645
129.0,0.0,0.0,152.8798351590419,152.87983515904187,19.109979394880234,80,0.6583969465648855,0.41030534351145037,0.2480916030534351,0.5896946564885496,0.18893129770992367,23.949494949494948,39.0,40.0,1.0,0.9197581168523472
130.0,690.9879935968539,178.3954066559938,153.20275107834559,153.20275107834553,19.15034388479319,79,0.6603415559772297,0.4098671726755218,0.2504743833017078,0.5901328273244781,0.18975332068311196,24.05,39.0,40.0,1.0,0.9163003436436562
131.0,639.6753769575483,221.58426505539944,152.263655523233,152.263655523233,19.032956940404127,79,0.6616257088846881,0.4102079395085066,0.2514177693761815,0.5897920604914934,0.1890359168241966,24.05,39.0,40.0,1.0,0.9274990706993602
132.0,1267.3035927210067,23.952813392352656,151.83696669477223,151.8369666947722,18.979620836846525,80,0.6629213483146067,0.41385767790262173,0.24906367041198502,0.5861423220973783,0.18726591760299627,24.05,39.0,40.0,1.0,0.9321906640613705
133.0,1395.6902239852977,930.474692814437,151.57128323313492,151.5712832331349,18.94641040414186,83,0.6623616236162362,0.4132841328413284,0.24907749077490776,0.5867158671586716,0.18450184501845018,24.05,39.0,40.0,1.0,0.935024179691701
134.0,174.52231860677637,0.0,150.7089366595186,150.7089366595186,18.838617082439825,82,0.6666666666666666,0.4175824175824176,0.2490842490842491,0.5824175824175825,0.18315018315018314,24.05,39.0,40.0,1.0,0.9447939189732417
135.0,212.09918593370116,136.60842810049226,150.20592286197046,150.20592286197046,18.775740357746308,82,0.666058394160584,0.41788321167883213,0.24817518248175183,0.5821167883211679,0.1843065693430657,24.138613861386137,39.0,40.0,1.0,0.9498940744075293
136.0,535.9429089183396,61.735254864740874,150.1000240069943,150.10002400699432,18.76250300087429,81,0.6678765880217786,0.4192377495462795,0.24863883847549909,0.5807622504537205,0.1851179673321234,24.225490196078432,39.0,40.0,1.0,0.9507692000254548
137.0,153.325083233316,153.325083233316,150.00277505724398,150.00277505724398,18.750346882155497,82,0.6666666666666666,0.41847826086956524,0.24818840579710144,0.5815217391304348,0.18478260869565216,24.225490196078432,39.0,40.0,1.0,0.9513313878509337
138.0,1358.4699305449485,134.12151917942458,149.82239044951206,149.82239044951206,18.727798806189007,81,0.670863309352518,0.420863309352518,0.25,0.579136690647482,0.18345323741007194,24.225490196078432,39.0,40.0,1.0,0.9526574172252719
139.0,27.40714740837019,0.0,149.09697892550264,149.09697892550264,18.63712236568783,80,0.6732495511669659,0.42190305206463197,0.2513464991023339,0.578096947935368,0.18312387791741472,24.225490196078432,39.0,40.0,1.0,0.9622244220197049
140.0,1725.408212387345,1259.169823961423,148.5316227818398,148.5316227818398,18.566452847729973,84,0.6696269982238011,0.42095914742451157,0.24866785079928952,0.5790408525754884,0.1811722912966252,24.225490196078432,39.0,40.0,1.0,0.9709742376053645
141.0,103.47592000936444,0.0,149.27536869467136,149.27536869467136,18.65942108683392,83,0.6731448763250883,0.42402826855123676,0.24911660777385158,0.5759717314487632,0.18021201413427562,24.225490196078432,39.0,40.0,1.0,0.9615897611164671
142.0,727.4899253629322,277.98998958777537,149.94210032068216,149.94210032068216,18.74276254008527,81,0.6783216783216783,0.42482517482517484,0.2534965034965035,0.5751748251748252,0.18006993006993008,24.359223300970875,39.0,40.0,1.0,0.9540331779127441
143.0,363.49276182872825,244.43928122988817,150.7528144890619,150.75281448906188,18.844101811132735,81,0.6782608695652174,0.42434782608695654,0.2539130434782609,0.5756521739130435,0.1808695652173913,24.442307692307693,39.0,40.0,1.0,0.9444963229994469
144.0,459.71227924253157,377.64759373151315,151.46946697581828,151.46946697581828,18.933683371977285,81,0.6793103448275862,0.4241379310344828,0.25517241379310346,0.5758620689655173,0.1810344827586207,24.590476190476192,40.0,40.0,1.0,0.936322181711894
145.0,1012.4600574381525,540.8110528347975,151.5661332851074,151.5661332851074,18.945766660638427,82,0.6786324786324787,0.4239316239316239,0.2547008547008547,0.576068376068376,0.1811965811965812,24.71698113207547,40.0,40.0,1.0,0.9346355694529225
146.0,156.7727441266328,156.7727441266328,151.5177886863709,151.5177886863709,18.93972358579636,83,0.6779661016949152,0.42033898305084744,0.2576271186440678,0.5796610169491525,0.18135593220338983,24.794392523364486,40.0,40.0,1.0,0.9341966649273489
147.0,994.3304820304647,16.0,151.60613027008154,151.6061302700815,18.95076628376019,83,0.6795302013422819,0.4228187919463087,0.25671140939597314,0.5771812080536913,0.18120805369127516,24.88888888888889,40.0,40.0,1.0,0.932545944503772
148.0,177.39005970678897,8.0,152.28730692938515,152.2873069293851,19.035913366173137,81,0.6833333333333333,0.425,0.25833333333333336,0.575,0.18166666666666667,24.926605504587155,40.0,40.0,1.0,0.9248114354398771
149.0,921.0571463472932,317.05911727238345,153.69160609161267,153.69160609161264,19.21145076145158,80,0.6870860927152318,0.4271523178807947,0.2599337748344371,0.5728476821192053,0.1804635761589404,24.926605504587155,40.0,40.0,1.0,0.9056077491656821
150.0,1470.0587115942647,819.808311910241,153.12568577535325,153.1256857753532,19.14071072191915,83,0.6862745098039216,0.4264705882352941,0.25980392156862747,0.5735294117647058,0.1781045751633987,24.926605504587155,40.0,40.0,1.0,0.9104513192785281
151.0,34.56006545226913,34.56006545226913,152.17466921062353,152.1746692106235,19.02183365132794,83,0.6851549755301795,0.4257748776508972,0.25938009787928223,0.5742251223491027,0.17944535073409462,24.881818181818183,40.0,40.0,1.0,0.919103537782137
152.0,596.4125754617079,274.8357085926961,150.95384809038634,150.95384809038632,18.86923101129829,83,0.6855753646677472,0.42787682333873583,0.2576985413290113,0.5721231766612642,0.17990275526742303,24.83783783783784,39.0,40.0,1.0,0.9314320579407855
153.0,694.9349658618261,694.9349658618261,150.16316493033597,150.163164930336,18.770395616292,84,0.6859903381642513,0.4251207729468599,0.2608695652173913,0.5748792270531401,0.178743961352657,24.83783783783784,39.0,40.0,1.0,0.9394625312329791
154.0,323.53191816686405,323.53191816686405,149.1126333894142,149.11263338941419,18.639079173676773,85,0.6837881219903692,0.42375601926163725,0.26003210272873195,0.5762439807383628,0.1797752808988764,24.973214285714285,40.0,40.0,1.0,0.952525451859613
155.0,57.34993047134834,19.562857595495565,148.83629940725942,148.8362994072594,18.604537425907424,80,0.6912,0.424,0.2672,0.576,0.1808,25.0,40.0,40.0,1.0,0.9555759758464429
156.0,1782.8759389687946,1031.7015695456012,148.81670728742802,148.816707287428,18.6020884109285,83,0.6892744479495269,0.4227129337539432,0.2665615141955836,0.5772870662460567,0.17981072555205047,25.017543859649123,40.0,40.0,1.0,0.9560155586182357
157.0,784.0782393614777,524.1012177224425,148.7903325037105,148.79033250371052,18.598791562963815,85,0.6870109546165885,0.4225352112676056,0.2644757433489828,0.5774647887323944,0.17996870109546165,25.14782608695652,40.0,40.0,1.0,0.9563417686073764
158.0,290.87607628293284,0.0,148.33873373593167,148.33873373593167,18.54234171699146,82,0.6890625,0.4234375,0.265625,0.5765625,0.1828125,25.316239316239315,40.0,40.0,1.0,0.9608822165522087
159.0,265.617560054593,0.0,147.49821339988418,147.4982133998842,18.437276674985526,79,0.6920684292379471,0.4261275272161742,0.26594090202177295,0.5738724727838258,0.18506998444790046,25.33613445378151,40.0,40.0,1.0,0.9739951937720324
160.0,671.1023128168456,97.55055982952027,147.51559964930604,147.51559964930604,18.439449956163255,79,0.6943164362519201,0.43010752688172044,0.2642089093701997,0.5698924731182796,0.18433179723502305,25.458333333333332,40.0,40.0,1.0,0.9728514684785632
161.0,63.07210611411336,63.07210611411336,148.39983414578313,148.39983414578313,18.54997926822289,79,0.6952526799387443,0.42879019908116384,0.2664624808575804,0.5712098009188361,0.18376722817764166,25.458333333333332,40.0,40.0,1.0,0.9574081086440174
162.0,734.359277760104,734.359277760104,148.91285317980456,148.91285317980456,18.61410664747557,81,0.6945288753799392,0.425531914893617,0.2689969604863222,0.574468085106383,0.182370820668693,25.458333333333332,40.0,40.0,1.0,0.9508856217153767
163.0,1582.5314678413727,783.121922067905,150.03868043052924,150.03868043052927,18.75483505381616,79,0.698340874811463,0.42684766214177977,0.27149321266968324,0.5731523378582202,0.18250377073906485,25.578512396694215,40.0,40.0,1.0,0.9351861501642657
164.0,1157.4380116943125,1094.989730210546,150.28387749789286,150.28387749789286,18.785484687236607,81,0.6980568011958147,0.42451420029895365,0.273542600896861,0.5754857997010463,0.18086696562032886,25.578512396694215,40.0,40.0,1.0,0.931981288197504
165.0,495.2274977922265,442.5531478878504,150.14633350894002,150.14633350894002,18.768291688617502,82,0.6983655274888558,0.424962852897474,0.27340267459138184,0.575037147102526,0.17979197622585438,25.578512396694215,40.0,40.0,1.0,0.9321305917430956
166.0,707.0253784295778,97.58031151771608,149.99803088319322,149.9980308831932,18.74975386039915,81,0.700589970501475,0.42625368731563423,0.2743362831858407,0.5737463126843658,0.17994100294985252,25.672131147540984,40.0,40.0,1.0,0.9323142798920134
167.0,984.721690379203,118.18097492388452,150.00316020535755,150.00316020535752,18.75039502566969,77,0.7086383601756955,0.4289897510980966,0.2796486090775988,0.5710102489019033,0.17862371888726208,25.672131147540984,40.0,40.0,1.0,0.9311940054641122
168.0,717.3354303257518,95.1243255043413,150.78550945190062,150.7855094519006,18.848188681487574,77,0.7101449275362319,0.4318840579710145,0.2782608695652174,0.5681159420289855,0.1782608695652174,25.666666666666668,40.0,40.0,1.0,0.9210735298188489
169.0,1483.0228180055055,449.9950598385549,151.5288413139429,151.5288413139429,18.941105164242863,81,0.7077363896848138,0.4326647564469914,0.27507163323782235,0.5673352435530086,0.17621776504297995,25.666666666666668,40.0,40.0,1.0,0.9111747657013427
170.0,800.7224713203175,290.00644414904946,151.54225864445596,151.54225864445593,18.94278233055699,81,0.707977207977208,0.43447293447293445,0.27350427350427353,0.5655270655270656,0.17663817663817663,25.693548387096776,40.0,40.0,1.0,0.909295341788092
171.0,555.7150138772774,555.7150138772774,150.16208302413574,150.1620830241357,18.770260378016964,79,0.7083926031294452,0.43385490753911804,0.27453769559032715,0.566145092460882,0.17923186344238975,25.76984126984127,40.0,40.0,1.0,0.9232021159446591
172.0,542.040004516964,104.27695593654937,149.52958623554903,149.52958623554903,18.69119827944363,79,0.7082152974504249,0.4348441926345609,0.273371104815864,0.5651558073654391,0.17988668555240794,25.771653543307085,40.0,40.0,1.0,0.9272853840286887
173.0,330.7140838164341,229.61693051970124,148.06356268800982,148.06356268800982,18.507945336001228,74,0.713276836158192,0.4350282485875706,0.2782485875706215,0.5649717514124294,0.18220338983050846,25.930232558139537,40.0,40.0,1.0,0.9449290773969462
174.0,1207.5747946189822,985.0048085035453,147.5506301051421,147.55063010514206,18.443828763142758,77,0.7086834733893558,0.4327731092436975,0.2759103641456583,0.5672268907563025,0.18347338935574228,25.84732824427481,40.0,40.0,1.0,0.9498581671936142
175.0,176.70085709877196,9.773906173639489,147.57759809490946,147.5775980949095,18.447199761863686,74,0.7094972067039106,0.4329608938547486,0.276536312849162,0.5670391061452514,0.1871508379888268,26.03731343283582,40.0,40.0,1.0,0.9492968072409663
176.0,1260.2228806795347,384.69898309745565,147.6453134817895,147.6453134817895,18.455664185223686,76,0.7083333333333334,0.43333333333333335,0.275,0.5666666666666667,0.18611111111111112,26.03731343283582,40.0,40.0,1.0,0.9487302581863664
177.0,1409.3404831172309,1099.1638279296908,147.70732859851287,147.7073285985129,18.463416074814113,78,0.7071823204419889,0.43370165745856354,0.27348066298342544,0.5662983425414365,0.1850828729281768,26.03731343283582,40.0,40.0,1.0,0.9481670518703883
178.0,1802.0783206634246,531.4171559148264,147.0607920493108,147.0607920493108,18.38259900616385,80,0.708843537414966,0.4380952380952381,0.2707482993197279,0.5619047619047619,0.18231292517006803,26.03731343283582,40.0,40.0,1.0,0.9556684268804291
179.0,505.9887925158059,255.0967683091072,146.10138552661434,146.10138552661434,18.262673190826792,81,0.7073170731707317,0.43766937669376693,0.2696476964769648,0.5623306233062331,0.18292682926829268,26.066666666666666,40.0,40.0,1.0,0.9704939099038873
180.0,377.1598651660687,103.31580749964739,146.13512503756309,146.13512503756309,18.266890629695386,79,0.7088948787061995,0.4380053908355795,0.27088948787061995,0.5619946091644205,0.18463611859838275,26.204379562043794,40.0,40.0,1.0,0.9699427962797483
181.0,564.5831752138531,72.91080283930083,146.4039436715839,146.40394367158387,18.300492958947984,80,0.7083333333333334,0.4381720430107527,0.2701612903225806,0.5618279569892473,0.18413978494623656,26.204379562043794,40.0,40.0,1.0,0.9666883850714039
182.0,0.0,0.0,147.77625261191636,147.7762526119164,18.47203157648955,79,0.7096774193548387,0.4381720430107527,0.271505376344086,0.5618279569892473,0.18413978494623656,26.204379562043794,40.0,40.0,1.0,0.946348665815717
183.0,366.37261800429826,8.0,148.43005489887574,148.43005489887574,18.553756862359467,78,0.7108433734939759,0.4390896921017403,0.2717536813922356,0.5609103078982597,0.18473895582329317,26.217391304347824,40.0,40.0,1.0,0.9390676278372206
184.0,32.79909447550587,32.79909447550587,148.3780119853641,148.37801198536408,18.54725149817051,76,0.7125668449197861,0.4385026737967914,0.27406417112299464,0.5614973262032086,0.1858288770053476,26.309352517985612,40.0,40.0,1.0,0.9394494756650923
185.0,271.481423046993,263.481423046993,148.3227953643937,148.3227953643937,18.540349420549212,75,0.7146666666666667,0.43866666666666665,0.276,0.5613333333333334,0.18533333333333332,26.309352517985612,40.0,40.0,1.0,0.9397953808247491
186.0,740.9031402333053,618.9999865547782,148.31064569822115,148.31064569822112,18.53883071227764,75,0.7144754316069057,0.43824701195219123,0.27622841965471445,0.5617529880478087,0.18592297476759628,26.385714285714286,40.0,40.0,1.0,0.9401101003139385
187.0,763.3043246529622,582.9119454514502,148.84049439629524,148.84049439629518,18.605061799536898,74,0.7137203166226913,0.4393139841688654,0.27440633245382584,0.5606860158311345,0.18865435356200527,26.566433566433567,40.0,40.0,1.0,0.9351815068885099
188.0,37.50025032022259,0.0,150.07513904669227,150.07513904669221,18.759392380836527,72,0.7140974967061924,0.4400527009222661,0.2740447957839262,0.5599472990777339,0.19104084321475626,26.648275862068967,40.0,40.0,1.0,0.9221699277632025
189.0,1325.904107870416,1325.904107870416,151.43243142905393,151.43243142905393,18.929053928631742,75,0.7116644823066841,0.43774574049803405,0.27391874180865006,0.562254259501966,0.19003931847968544,26.648275862068967,40.0,40.0,1.0,0.9086915017540972
190.0,862.5920370021927,448.0692784192253,151.35995263157497,151.35995263157497,18.91999407894687,74,0.7144719687092569,0.4380704041720991,0.27640156453715775,0.5619295958279009,0.18904823989569752,26.648275862068967,40.0,40.0,1.0,0.9112559186347751
191.0,586.7197425908007,8.0,151.06674974682764,151.06674974682767,18.88334371835346,73,0.7166882276843467,0.4411384217335058,0.2755498059508409,0.5588615782664942,0.1888745148771022,26.726027397260275,40.0,40.0,1.0,0.9153928163586712
192.0,840.8248809630992,578.2840928233068,149.90018006810064,149.90018006810064,18.73752250851258,73,0.7164948453608248,0.44072164948453607,0.2757731958762887,0.5592783505154639,0.18943298969072164,26.768707482993197,40.0,40.0,1.0,0.93145728359452
193.0,39.414682925710935,0.0,149.0927640959236,149.0927640959236,18.63659551199045,68,0.7223650385604113,0.442159383033419,0.2802056555269923,0.5578406169665809,0.19023136246786632,26.777027027027028,40.0,40.0,1.0,0.9424386542117107
194.0,524.7032599224548,402.5741220930529,149.06182969327202,149.06182969327205,18.632728711659006,72,0.7197452229299363,0.4407643312101911,0.2789808917197452,0.5592356687898089,0.18853503184713377,26.777027027027028,40.0,40.0,1.0,0.9439376852608248
195.0,446.20109427918396,446.20109427918396,149.1837275565603,149.18372755656034,18.647965944570043,73,0.7170050761421319,0.43908629441624364,0.2779187817258883,0.5609137055837563,0.19035532994923857,26.86,40.0,40.0,1.0,0.9440469579609161
196.0,0.0,0.0,149.29439355043104,149.29439355043107,18.661799193803883,66,0.7208121827411168,0.43908629441624364,0.2817258883248731,0.5609137055837563,0.19543147208121828,27.058441558441558,40.0,40.0,1.0,0.9441905137677441
197.0,170.41277806470086,170.41277806470086,149.02196106657186,149.02196106657186,18.627745133321483,67,0.720253164556962,0.4379746835443038,0.28227848101265823,0.5620253164556962,0.1949367088607595,27.058441558441558,40.0,40.0,1.0,0.9479199716016923
198.0,376.7111498305131,376.7111498305131,148.27975679270116,148.2797567927012,18.53496959908765,70,0.716624685138539,0.4357682619647355,0.28085642317380355,0.5642317380352645,0.1952141057934509,27.045161290322582,40.0,40.0,1.0,0.9578576052245054
199.0,439.31174062518767,439.31174062518767,147.42718042979052,147.42718042979052,18.428397553723816,69,0.714824120603015,0.43467336683417085,0.28015075376884424,0.5653266331658291,0.1984924623115578,27.069620253164558,40.0,40.0,1.0,0.9731807982895992
200.0,857.1695405292348,694.4203788707935,147.37184651768578,147.37184651768578,18.421480814710723,70,0.7128589263420724,0.4344569288389513,0.2784019975031211,0.5655430711610487,0.19975031210986266,27.2,40.0,40.0,1.0,0.9750707885463523
201.0,1027.6515594873304,416.27824242055823,148.18096363702102,148.18096363702105,18.52262045462763,72,0.7114427860696517,0.43407960199004975,0.277363184079602,0.5659203980099502,0.19900497512437812,27.2,40.0,40.0,1.0,0.9631521771728419
202.0,355.2445282565435,355.2445282565435,149.4934941081366,149.4934941081366,18.686686763517073,69,0.7146401985111662,0.43300248138957814,0.2816377171215881,0.5669975186104218,0.19975186104218362,27.242236024844722,40.0,40.0,1.0,0.9459098638253829
203.0,89.47658726901005,0.0,149.97245306589446,149.97245306589446,18.746556633236807,68,0.7165841584158416,0.4344059405940594,0.28217821782178215,0.5655940594059405,0.19925742574257427,27.242236024844722,40.0,40.0,1.0,0.9414372108501167
204.0,1276.2150479483944,1276.2150479483944,150.02591588862498,150.02591588862495,18.75323948607812,67,0.717632552404439,0.43279901356350187,0.2848335388409371,0.5672009864364982,0.1997533908754624,27.30246913580247,40.0,40.0,1.0,0.9408761790902195
205.0,806.9667278387108,725.799551082119,150.07224729149368,150.07224729149365,18.759030911436707,69,0.7169117647058824,0.43137254901960786,0.2855392156862745,0.5686274509803921,0.19852941176470587,27.30246913580247,40.0,40.0,1.0,0.9402187367598402
206.0,294.85770116878336,294.85770116878336,150.37489647060073,150.3748964706007,18.796862058825088,71,0.7142857142857143,0.4297924297924298,0.2844932844932845,0.5702075702075702,0.199023199023199,27.33128834355828,40.0,40.0,1.0,0.9371693653510715
207.0,403.9543948833091,316.54767648492725,150.9065193266678,150.90651932666782,18.863314915833477,72,0.7132442284325637,0.4289185905224787,0.284325637910085,0.5710814094775213,0.19927095990279464,27.402439024390244,40.0,40.0,1.0,0.9317934781526067
208.0,522.0172590251491,44.61667132052324,152.09737738554716,152.09737738554716,19.012172173193395,72,0.7127272727272728,0.4290909090909091,0.28363636363636363,0.5709090909090909,0.2,27.35757575757576,40.0,40.0,1.0,0.9186786542489654
209.0,2340.4219906620774,1290.3514879937297,153.0237487379934,144.90922009571955,18.113652511964943,72,0.7120481927710843,0.42891566265060244,0.28313253012048195,0.5710843373493976,0.20120481927710843,27.40119760479042,40.0,40.0,1.0,0.910390003551706
210.0,1049.2913962195155,172.54033268915032,156.02851649910053,156.0285164991005,19.503564562387563,72,0.7125748502994012,0.429940119760479,0.28263473053892213,0.5700598802395209,0.20119760479041915,27.428571428571427,40.0,40.0,1.0,0.9521351156505081
211.0,386.82955168136596,255.7710776514369,156.50731043961193,156.50731043961196,19.563413804951495,71,0.7132616487455197,0.43010752688172044,0.2831541218637993,0.5698924731182796,0.2019115890083632,27.4792899408284,40.0,40.0,1.0,0.9490314659683601
212.0,1999.1275407383075,647.3790861386603,157.2589045748126,157.2589045748126,19.657363071851574,74,0.7114014251781473,0.42874109263657956,0.2826603325415677,0.5712589073634204,0.2007125890736342,27.4792899408284,40.0,40.0,1.0,0.9419139462978982
213.0,509.21158203713867,248.189091040409,157.82115016146255,157.82115016146255,19.72764377018282,71,0.7119244391971665,0.4297520661157025,0.282172373081464,0.5702479338842975,0.20425029515938606,27.572254335260116,40.0,40.0,1.0,0.9367995961498679
214.0,1264.3763198599488,948.7188914119643,158.460336429215,151.59901288929197,18.949876611161496,72,0.7106184364060677,0.4294049008168028,0.2812135355892649,0.5705950991831972,0.20536756126021002,27.676136363636363,40.0,40.0,1.0,0.9316770877519419
215.0,1313.615374943965,768.2949832695418,162.1034416029949,162.1034416029949,20.262930200374363,75,0.7068366164542295,0.4275782155272306,0.27925840092699883,0.5724217844727694,0.20625724217844726,27.702247191011235,40.0,40.0,1.0,0.9585451872135984
216.0,1487.2579557438544,1182.0963052229504,158.82636492849673,158.8263649284967,19.853295616062088,76,0.7054085155350979,0.42692750287687,0.27848101265822783,0.57307249712313,0.20713463751438435,27.738888888888887,40.0,40.0,1.0,0.9309192910213699
217.0,854.7575414698968,646.7831887213222,149.90194413765528,149.90194413765528,18.73774301720691,77,0.7056128293241696,0.4261168384879725,0.27949599083619703,0.5738831615120275,0.20618556701030927,27.738888888888887,40.0,40.0,1.0,0.9540759900009604
218.0,898.7482425140054,733.5244514189936,149.20962442321743,149.20962442321743,18.65120305290218,78,0.7061503416856492,0.4271070615034169,0.27904328018223234,0.5728929384965832,0.20501138952164008,27.738888888888887,40.0,40.0,1.0,0.9623172231832651
219.0,778.4478714759072,163.82553307282825,149.2884223793491,149.28842237934907,18.661052797418634,79,0.7070135746606335,0.4287330316742081,0.27828054298642535,0.5712669683257918,0.20361990950226244,27.738888888888887,40.0,40.0,1.0,0.9613889707617586
220.0,157.62399111189362,30.539305466030214,148.9850004100796,147.54812614549377,18.44351576818672,79,0.7065462753950339,0.4288939051918736,0.27765237020316025,0.5711060948081265,0.20428893905191872,27.607734806629836,40.0,40.0,1.0,0.9667916957407786
221.0,1521.0610281544207,490.2422665844624,154.95096030593146,154.95096030593146,19.368870038241432,78,0.7054871220604704,0.43001119820828665,0.27547592385218367,0.5699888017917133,0.20716685330347145,27.6,40.0,40.0,1.0,0.9734200292976355
222.0,0.0,0.0,154.6789312735118,154.67893127351184,19.33486640918898,78,0.7054871220604704,0.43001119820828665,0.27547592385218367,0.5699888017917133,0.20716685330347145,27.6,40.0,40.0,1.0,0.9760345559412577
223.0,881.8402517763354,245.10661359430384,151.45537645617733,151.4553764561773,18.931922057022163,80,0.7044444444444444,0.4311111111111111,0.2733333333333333,0.5688888888888889,0.20666666666666667,27.56989247311828,40.0,40.0,1.0,0.9359103953490241
224.0,1854.4156039494076,280.4892340049774,151.52334453036684,151.52334453036684,18.940418066295855,81,0.7052980132450332,0.4337748344370861,0.271523178807947,0.5662251655629139,0.2052980132450331,27.56989247311828,40.0,40.0,1.0,0.9357383071715657
225.0,760.089086914951,760.089086914951,151.59895290477203,151.59895290477203,18.949869113096504,81,0.7048458149779736,0.43281938325991187,0.2720264317180617,0.5671806167400881,0.20594713656387664,27.58823529411765,40.0,40.0,1.0,0.9352761354536954
226.0,250.07342107921508,0.0,151.592021167061,151.592021167061,18.949002645882626,79,0.7062706270627063,0.43344334433443343,0.27282728272827284,0.5665566556655666,0.2068206820682068,27.611702127659573,40.0,40.0,1.0,0.9352130721772319
227.0,986.0348290597162,507.54004338654835,151.91365346287026,151.91365346287026,18.989206682858782,79,0.7064622124863089,0.43373493975903615,0.2727272727272727,0.5662650602409639,0.20700985761226726,27.67195767195767,40.0,40.0,1.0,0.9320996172721141
228.0,1968.2167127467662,986.9602708490931,152.39202162351265,152.3920216235127,19.049002702939088,82,0.7057546145494028,0.43539630836047777,0.2703583061889251,0.5646036916395223,0.20521172638436483,27.67195767195767,40.0,40.0,1.0,0.927137827913353
229.0,538.6428855724589,28.183054196452762,152.4867613201802,152.48676132018025,19.06084516502253,81,0.7077922077922078,0.43614718614718617,0.27164502164502163,0.5638528138528138,0.20454545454545456,27.67195767195767,40.0,40.0,1.0,0.9243964951264194
230.0,642.4067994352199,642.4067994352199,152.80040353325407,152.8004035332541,19.100050441656762,82,0.7058189655172413,0.43426724137931033,0.27155172413793105,0.5657327586206896,0.20581896551724138,27.691099476439792,40.0,40.0,1.0,0.9196757838082004
231.0,93.36300412287908,0.0,152.37621492230943,152.3762149223095,19.047026865288686,81,0.7064516129032258,0.43548387096774194,0.2709677419354839,0.5645161290322581,0.2064516129032258,27.661458333333332,40.0,40.0,1.0,0.9245197893077222
232.0,158.29904404839982,46.24580810241093,150.86533093446167,150.8653309344617,18.858166366807712,80,0.7070815450643777,0.4356223175965665,0.27145922746781115,0.5643776824034334,0.20708154506437768,27.699481865284973,40.0,40.0,1.0,0.944555270165689
233.0,828.8573122107629,301.2345433597262,150.14962157696365,150.14962157696368,18.76870269712046,80,0.7065101387406617,0.43649946638207043,0.2700106723585913,0.5635005336179295,0.20811099252934898,27.646153846153847,40.0,40.0,1.0,0.9519225124960075
234.0,1203.791784169487,534.07159105642,149.9834005347415,149.98340053474152,18.74792506684269,84,0.7056962025316456,0.4356540084388186,0.270042194092827,0.5643459915611815,0.20569620253164558,27.646153846153847,40.0,40.0,1.0,0.9528149990995843
235.0,1327.1968800951229,0.0,149.93225974603314,149.93225974603314,18.741532468254142,82,0.7082896117523609,0.4386149003147954,0.2696747114375656,0.5613850996852047,0.20566631689401887,27.693877551020407,40.0,40.0,1.0,0.9523904604446942
236.0,1023.666945829489,1023.666945829489,149.8923922949637,149.89239229496374,18.736549036870468,82,0.7068062827225131,0.437696335078534,0.26910994764397905,0.562303664921466,0.20732984293193718,27.762626262626263,40.0,40.0,1.0,0.9519548493624391
237.0,0.0,0.0,149.83309966507903,149.83309966507903,18.72913745813488,81,0.7068062827225131,0.437696335078534,0.26910994764397905,0.562303664921466,0.20837696335078534,27.77889447236181,40.0,40.0,1.0,0.9515410144353231
238.0,1180.8472050410614,1180.8472050410614,150.439461921681,150.43946192168102,18.804932740210127,82,0.7063740856844305,0.4367816091954023,0.26959247648902823,0.5632183908045977,0.20794148380355276,27.77889447236181,40.0,40.0,1.0,0.9435951464992094
239.0,1081.884582496068,447.10136145434365,149.71307384296853,149.71307384296853,18.714134230371066,82,0.7071651090342679,0.43821391484942884,0.26895119418483904,0.5617860851505712,0.20768431983385255,27.815,40.0,40.0,1.0,0.9511312414792261
240.0,480.58749416325173,294.01971205438656,149.43394904500838,149.43394904500838,18.679243630626047,82,0.7083764219234746,0.4384694932781799,0.26990692864529475,0.56153050672182,0.20682523267838676,27.815,40.0,40.0,1.0,0.9539310381286172
241.0,1122.8994667799016,0.0,152.7584981976747,152.75849819767473,19.09481227470934,77,0.7110423116615067,0.43962848297213625,0.2714138286893705,0.5603715170278638,0.20949432404540763,27.87192118226601,40.0,40.0,1.0,0.961768389659399
242.0,320.6789821304586,320.6789821304586,152.5818940751164,152.5818940751164,19.07273675938955,78,0.7106076210092688,0.4387229660144181,0.27188465499485065,0.5612770339855818,0.2090628218331617,27.87192118226601,40.0,40.0,1.0,0.9620092150079285
243.0,842.9588917886788,586.5520679148757,153.14890985748758,153.1489098574876,19.14361373218595,81,0.7090163934426229,0.4385245901639344,0.27049180327868855,0.5614754098360656,0.20799180327868852,27.87192118226601,40.0,40.0,1.0,0.956568946107936
244.0,977.9334381204842,432.3090080093318,153.97728565600437,153.97728565600434,19.247160707000543,80,0.7115188583078491,0.43934760448521915,0.27217125382262997,0.5606523955147809,0.2069317023445464,27.87192118226601,40.0,40.0,1.0,0.9452425579935679
245.0,548.0768198593073,261.8777938458389,154.15132137754884,154.1513213775488,19.2689151721936,79,0.7139959432048681,0.44016227180527384,0.2738336713995943,0.5598377281947262,0.20588235294117646,27.87192118226601,40.0,40.0,1.0,0.94320633824306
246.0,1814.5237433803588,987.4242188883961,153.18428366467725,153.18428366467728,19.14803545808466,74,0.7164480322906155,0.4419778002018164,0.27447023208879917,0.5580221997981837,0.20887991927346114,27.99033816425121,40.0,40.0,1.0,0.9545213630710624
247.0,566.7566949747913,384.7429634794285,152.52817051217457,152.52817051217454,19.066021314021818,75,0.7155778894472362,0.44120603015075377,0.2743718592964824,0.5587939698492462,0.20904522613065327,28.014423076923077,40.0,40.0,1.0,0.9603815959297317
248.0,87.78373299370865,26.35953148166033,152.48942500365592,152.48942500365592,19.06117812545699,76,0.7151454363089268,0.44132397191574724,0.27382146439317956,0.5586760280842528,0.2086258776328987,28.014423076923077,40.0,40.0,1.0,0.9605905208311213
249.0,395.5748315024575,219.37992753268026,152.4034998265795,152.40349982657952,19.05043747832244,75,0.717,0.442,0.275,0.558,0.208,28.014423076923077,40.0,40.0,1.0,0.961076540470917
250.0,78.53266089943703,0.0,152.71831223348283,152.71831223348286,19.089789029185358,74,0.7172827172827173,0.44255744255744256,0.27472527472527475,0.5574425574425574,0.2087912087912088,28.066985645933013,40.0,40.0,1.0,0.9580908543471718
251.0,780.0519892467981,318.41353757212755,153.35500491170703,153.35500491170708,19.169375613963386,74,0.7182539682539683,0.4444444444444444,0.27380952380952384,0.5555555555555556,0.20833333333333334,28.123809523809523,40.0,40.0,1.0,0.9515103426169834
252.0,149.93327972922125,66.45361618101128,154.24441520565617,154.24441520565622,19.280551900707028,72,0.7198019801980198,0.44455445544554456,0.27524752475247527,0.5554455445544555,0.2089108910891089,28.14218009478673,40.0,40.0,1.0,0.9395445392201444
253.0,305.2802635617818,305.2802635617818,154.32262317429223,154.32262317429226,19.290327896786533,73,0.7186574531095755,0.4432379072063179,0.2754195459032576,0.5567620927936822,0.20927936821322804,28.17452830188679,40.0,40.0,1.0,0.9374230421285394
254.0,589.849295746046,428.0235839827375,154.46207163084406,154.4620716308441,19.30775895385551,69,0.7224409448818898,0.4438976377952756,0.2785433070866142,0.5561023622047244,0.20964566929133857,28.15962441314554,40.0,40.0,1.0,0.9352290165446309
255.0,108.93489131499011,0.0,154.12668352135626,154.12668352135628,19.265835440169536,66,0.7259332023575639,0.4449901768172888,0.28094302554027506,0.5550098231827112,0.20923379174852652,28.15962441314554,40.0,40.0,1.0,0.936487689901918
256.0,848.626263144849,791.277197327283,152.98560635657677,152.9856063565768,19.1232007945721,64,0.7286973555337904,0.4446620959843291,0.2840352595494613,0.555337904015671,0.20861900097943192,28.15962441314554,40.0,40.0,1.0,0.9461622789097918
257.0,600.8722972538044,600.8722972538044,151.5618341911809,151.5618341911809,18.945229273897613,65,0.7278048780487805,0.4429268292682927,0.2848780487804878,0.5570731707317074,0.20878048780487804,28.149532710280372,40.0,40.0,1.0,0.9607215847201082
258.0,338.27315620021227,338.27315620021227,151.3358893863372,151.33588938633721,18.916986173292152,65,0.7283349561830574,0.44206426484907496,0.2862706913339825,0.557935735150925,0.20837390457643623,28.149532710280372,40.0,40.0,1.0,0.9613696241781553
259.0,933.7382694452241,545.3860828683114,148.8844993362433,148.8844993362433,18.610562417030412,66,0.7277131782945736,0.4418604651162791,0.2858527131782946,0.5581395348837209,0.20833333333333334,28.13953488372093,40.0,40.0,1.0,0.9408200408822794
260.0,645.288431460191,645.288431460191,148.39684227808164,148.39684227808164,18.549605284760204,66,0.7272727272727273,0.4410058027079304,0.2862669245647969,0.5589941972920697,0.20889748549323017,28.175925925925927,40.0,40.0,1.0,0.9465712013248957
261.0,97.72819318285241,0.0,148.54868684275715,148.54868684275715,18.568585855344644,64,0.7294685990338164,0.44154589371980674,0.28792270531400965,0.5584541062801932,0.20869565217391303,28.175925925925927,40.0,40.0,1.0,0.9412039558259888
262.0,249.45834091418527,0.0,148.17889481140048,148.17889481140048,18.52236185142506,64,0.7297297297297297,0.4420849420849421,0.2876447876447876,0.5579150579150579,0.2084942084942085,28.175925925925927,40.0,40.0,1.0,0.9438956115359058
263.0,8.0,8.0,148.0635094839446,148.06350948394459,18.507938685493073,62,0.7309546769527483,0.4416586306653809,0.2892960462873674,0.5583413693346191,0.20925747348119575,28.216589861751153,40.0,40.0,1.0,0.9437702944401308
264.0,1140.5409444397415,752.7203151961792,148.01873713573676,148.01873713573673,18.50234214196709,63,0.7307692307692307,0.44134615384615383,0.28942307692307695,0.5586538461538462,0.20865384615384616,28.216589861751153,40.0,40.0,1.0,0.9439147582065752
265.0,1873.966774120448,1103.0707890411577,147.9900821270764,147.9900821270764,18.49876026588455,68,0.7276190476190476,0.44,0.2876190476190476,0.56,0.20761904761904762,28.23394495412844,40.0,40.0,1.0,0.9440688420051349
266.0,649.2340072471045,256.3497022658205,148.0045890258233,148.00458902582332,18.500573628227915,69,0.7264957264957265,0.439696106362773,0.28679962013295346,0.560303893637227,0.20797720797720798,28.26027397260274,40.0,40.0,1.0,0.9441952289775243
267.0,1019.967802811714,962.9385731122804,147.49064138484863,147.49064138484866,18.436330173106082,73,0.7245283018867924,0.4386792452830189,0.2858490566037736,0.5613207547169812,0.20660377358490567,28.26027397260274,40.0,40.0,1.0,0.9498208326540962
268.0,1841.7003771066468,1530.721714707868,147.75069416363908,147.75069416363914,18.468836770454892,72,0.7258215962441315,0.4384976525821596,0.28732394366197184,0.5615023474178403,0.20657276995305165,28.29090909090909,40.0,40.0,1.0,0.9474846080606326
269.0,0.0,0.0,148.76013643015042,148.76013643015045,18.595017053768807,71,0.7267605633802817,0.4384976525821596,0.28826291079812205,0.5615023474178403,0.20657276995305165,28.29090909090909,40.0,40.0,1.0,0.935255505229515
270.0,556.8772244641045,556.8772244641045,149.2967159959399,149.29671599593993,18.66208949949249,71,0.7275280898876404,0.43726591760299627,0.2902621722846442,0.5627340823970037,0.20599250936329588,28.29090909090909,40.0,40.0,1.0,0.9271900623389372
271.0,264.6901158829323,264.6901158829323,148.84609908883718,148.8460990888372,18.60576238610465,69,0.7268475210477081,0.4368568755846586,0.2899906454630496,0.5631431244153414,0.20860617399438727,28.282511210762333,40.0,40.0,1.0,0.9345580820186724
272.0,295.31419471883567,171.30190627181355,148.37557406461713,148.37557406461715,18.546946758077144,71,0.7257462686567164,0.43656716417910446,0.2891791044776119,0.5634328358208955,0.2080223880597015,28.282511210762333,40.0,40.0,1.0,0.9398155188167915
273.0,243.6499882103946,243.6499882103946,148.35774089539888,148.3577408953989,18.544717611924863,70,0.7260018639328985,0.4361602982292637,0.2898415657036347,0.5638397017707363,0.2087604846225536,28.334821428571427,40.0,40.0,1.0,0.9398457359496891
274.0,1600.0185124020145,971.3163363826702,148.33304234248368,148.3330423424837,18.541630292810463,71,0.7263450834879406,0.43506493506493504,0.2912801484230056,0.564935064935065,0.2077922077922078,28.334821428571427,40.0,40.0,1.0,0.9398849881410283
275.0,164.36445735582572,91.750906537645,148.3016716386978,148.3016716386978,18.537708954837225,73,0.7252543940795559,0.43478260869565216,0.2904717853839038,0.5652173913043478,0.2072155411655874,28.334821428571427,40.0,40.0,1.0,0.939930821611785
276.0,671.1629037091096,520.1418305062332,148.82988768623284,148.82988768623284,18.603735960779105,73,0.7260147601476015,0.4345018450184502,0.2915129151291513,0.5654981549815498,0.2066420664206642,28.334821428571427,40.0,40.0,1.0,0.934739048740395
277.0,1069.534202549916,477.2443580319987,148.84243289954955,148.84243289954958,18.605304112443697,76,0.7245179063360881,0.43434343434343436,0.29017447199265384,0.5656565656565656,0.2056932966023875,28.334821428571427,40.0,40.0,1.0,0.9348903512047071
278.0,1077.7409393609043,532.1189555449314,148.95713626500725,148.95713626500722,18.619642033125903,77,0.7248628884826326,0.43418647166361973,0.2906764168190128,0.5658135283363802,0.20475319926873858,28.334821428571427,40.0,40.0,1.0,0.9350758346979043
279.0,386.12449711090807,156.419882814225,148.88353933234822,148.88353933234825,18.61044241654353,76,0.7256153144940748,0.43391066545123064,0.2917046490428441,0.5660893345487694,0.20510483135824978,28.266666666666666,40.0,40.0,1.0,0.9380830210490572
280.0,495.39791718412187,295.5828410422103,149.32774754587157,149.3277475458716,18.66596844323395,78,0.7243880326382592,0.43336355394378967,0.2910244786944696,0.5666364460562103,0.20489573889392565,28.309734513274336,40.0,40.0,1.0,0.9332544761744226
281.0,679.8855944691622,679.8855944691622,149.12734150702434,149.1273415070243,18.64091768837804,78,0.7230769230769231,0.432579185520362,0.2904977375565611,0.567420814479638,0.20633484162895926,28.342105263157894,40.0,40.0,1.0,0.9391269927124035
282.0,359.88084906106883,343.14464230320084,148.88468009510734,148.88468009510734,18.610585011888418,79,0.7222723174030659,0.43192064923354373,0.29035166816952207,0.5680793507664562,0.20649233543733092,28.353711790393014,40.0,40.0,1.0,0.9432900513313134
283.0,1317.5623943089508,1047.6815467820707,148.8890881733796,148.8890881733796,18.61113602167245,79,0.7230215827338129,0.4316546762589928,0.29136690647482016,0.5683453237410072,0.20593525179856115,28.353711790393014,40.0,40.0,1.0,0.944484568446031
284.0,190.73097697148864,8.0,149.02541181370026,149.0254118137003,18.628176476712536,78,0.7246636771300449,0.43228699551569505,0.29237668161434976,0.567713004484305,0.20538116591928252,28.353711790393014,40.0,40.0,1.0,0.9444549467459743
285.0,122.11027527051701,64.33809494160062,149.15767269453232,149.15767269453232,18.64470908681654,77,0.7260519247985676,0.432408236347359,0.2936436884512086,0.567591763652641,0.20501342882721577,28.353711790393014,40.0,40.0,1.0,0.9443696654036573
286.0,97.18405583753696,38.43473960200527,148.67345475494076,148.6734547549408,18.5841818443676,77,0.7265415549597856,0.4325290437890974,0.2940125111706881,0.5674709562109026,0.20464700625558535,28.353711790393014,40.0,40.0,1.0,0.9507010292836202
287.0,300.51119821163684,216.76534193485895,148.7841346297085,148.7841346297085,18.59801682871356,77,0.7266251113089938,0.43187889581478184,0.2947462154942119,0.5681211041852182,0.20480854853072128,28.382608695652173,40.0,40.0,1.0,0.9506136719788253
288.0,1225.2536219770575,604.5610973410628,149.32149558695775,149.32149558695775,18.66518694836972,82,0.7238938053097345,0.4300884955752212,0.2938053097345133,0.5699115044247788,0.20353982300884957,28.382608695652173,40.0,40.0,1.0,0.9461688745160693
289.0,504.9632978441969,415.6346265957354,149.84558607746143,149.84558607746146,18.730698259682683,82,0.7237422771403353,0.4298323036187114,0.293909973521624,0.5701676963812886,0.20388349514563106,28.346320346320347,40.0,40.0,1.0,0.9406609348435401
290.0,454.32628120039385,454.32628120039385,150.0331200395432,150.03312003954323,18.754140004942904,82,0.7231040564373897,0.4294532627865961,0.29365079365079366,0.5705467372134039,0.20458553791887124,28.370689655172413,40.0,40.0,1.0,0.9384338430386818
291.0,560.3698169513393,274.56885260949963,149.61274897399335,149.61274897399335,18.70159362174917,82,0.7235915492957746,0.4295774647887324,0.29401408450704225,0.5704225352112676,0.20422535211267606,28.370689655172413,40.0,40.0,1.0,0.9458703009622067
292.0,42.0305000460549,42.0305000460549,149.68205522593684,149.68205522593684,18.710256903242104,83,0.7229551451187335,0.4291996481970097,0.2937554969217238,0.5708003518029904,0.2040457343887423,28.370689655172413,40.0,40.0,1.0,0.9457437720882089
293.0,118.89161840410353,0.0,149.68002033069774,149.68002033069774,18.710002541337218,81,0.7243195785776997,0.4302019315188762,0.29411764705882354,0.5697980684811238,0.20456540825285338,28.399141630901287,40.0,40.0,1.0,0.9462702277910804
294.0,718.4986958765719,368.1093537063423,149.66494314299834,149.66494314299837,18.708117892874796,84,0.7225130890052356,0.4293193717277487,0.2931937172774869,0.5706806282722513,0.20418848167539266,28.414529914529915,40.0,40.0,1.0,0.9467915841500278
295.0,1059.5796745210785,723.9101871714481,150.35518297073065,150.35518297073065,18.79439787134133,84,0.7219808861859253,0.4300608166811468,0.29192006950477845,0.5699391833188532,0.2050390964378801,28.483050847457626,40.0,40.0,1.0,0.9396715841873071
296.0,2046.3640763882167,1131.3064577398873,150.32711988815254,150.32711988815254,18.790889986019067,86,0.722174288179465,0.43054357204486626,0.2916307161345988,0.5694564279551337,0.20362381363244175,28.483050847457626,40.0,40.0,1.0,0.9399767308597875
297.0,1500.249781300829,250.51257853363887,150.30043591125067,150.30043591125064,18.78755448890633,83,0.7253218884120172,0.43261802575107294,0.2927038626609442,0.567381974248927,0.2034334763948498,28.447257383966246,40.0,40.0,1.0,0.9402604159764435
298.0,343.5212547440158,104.41902993247271,150.42710044373834,150.4271004437383,18.80338755546729,81,0.7271171941830624,0.43370402053036783,0.2934131736526946,0.5662959794696322,0.20359281437125748,28.407563025210084,40.0,40.0,1.0,0.939564977345497
299.0,107.81254408913709,34.94549511287441,151.13535091684773,151.1353509168477,18.891918864605962,81,0.7275832621690862,0.43381725021349277,0.2937660119555935,0.5661827497865073,0.20324508966695132,28.407563025210084,40.0,40.0,1.0,0.9324497950623103
300.0,1963.3042997177176,1297.124309133333,151.83636328663448,151.83636328663445,18.979545410829306,83,0.7270408163265306,0.4336734693877551,0.29336734693877553,0.5663265306122449,0.20238095238095238,28.407563025210084,40.0,40.0,1.0,0.9230855285740525
301.0,98.76103047822843,0.0,151.82011949368956,151.82011949368953,18.97751493671119,82,0.7275042444821732,0.43463497453310695,0.2928692699490662,0.565365025466893,0.2028862478777589,28.443514644351463,40.0,40.0,1.0,0.9246938505400251
302.0,1196.8474596318297,629.2029592345418,151.19699468306135,151.19699468306132,18.899624335382665,85,0.7265822784810126,0.43544303797468353,0.2911392405063291,0.5645569620253165,0.20168776371308017,28.443514644351463,40.0,40.0,1.0,0.9315624071997072
303.0,795.9075224131504,590.3321514897954,151.18339944775514,151.1833994477551,18.89792493096939,86,0.7258200168208578,0.43566021867115223,0.29015979814970566,0.5643397813288478,0.20185029436501262,28.483333333333334,40.0,40.0,1.0,0.9317865582071516
304.0,1030.6551090840076,567.7237386668629,151.31498735033142,151.31498735033142,18.914373418791428,85,0.7275775356244761,0.43671416596814755,0.2908633696563286,0.5632858340318525,0.20117351215423301,28.483333333333334,40.0,40.0,1.0,0.9311752653855903
305.0,656.5900754739475,656.5900754739475,150.5539645747907,150.5539645747907,18.81924557184884,81,0.7301587301587301,0.4352548036758563,0.29490392648287383,0.5647451963241437,0.202172096908939,28.549586776859503,40.0,40.0,1.0,0.9399995730687403
306.0,588.6634747291828,0.0,150.3511655173439,150.35116551734387,18.793895689667984,80,0.7316666666666667,0.43666666666666665,0.295,0.5633333333333334,0.20166666666666666,28.549586776859503,40.0,40.0,1.0,0.9427571437279969
307.0,1486.2080200481182,1037.2133521708133,150.32819222840973,150.32819222840973,18.791024028551217,81,0.7319502074688796,0.43568464730290457,0.2962655601659751,0.5643153526970954,0.2008298755186722,28.549586776859503,40.0,40.0,1.0,0.9437581747850085
308.0,1292.6000952540298,542.5864234385211,150.2176006906651,150.21760069066514,18.777200086333142,80,0.7328370554177006,0.43507030603804797,0.2977667493796526,0.564929693961952,0.20099255583126552,28.56378600823045,40.0,40.0,1.0,0.9453018816203769
309.0,592.5269033105026,578.6819434380104,150.12864642686745,150.12864642686745,18.76608080335843,82,0.7318481848184818,0.43481848184818483,0.297029702970297,0.5651815181518152,0.2004950495049505,28.56378600823045,40.0,40.0,1.0,0.9464505117257398
310.0,2278.208324464911,1249.183703730574,149.339356506099,149.33935650609897,18.66741956326237,82,0.7329498767460969,0.4354971240755957,0.29745275267050125,0.5645028759244043,0.19967132292522596,28.56378600823045,40.0,40.0,1.0,0.9602954278508881
311.0,1249.4446490438852,109.38490853929852,149.31209871442206,149.31209871442206,18.664012339302758,82,0.7338247338247338,0.43652743652743653,0.2972972972972973,0.5634725634725635,0.19901719901719903,28.56378600823045,40.0,40.0,1.0,0.9619509422285477
312.0,591.2528493796233,557.4773226144729,149.85270637617205,149.85270637617208,18.73158829702151,82,0.7330612244897959,0.4359183673469388,0.29714285714285715,0.5640816326530612,0.2,28.632653061224488,40.0,40.0,1.0,0.9571244041530743
313.0,297.8117334937892,38.695881835771225,150.2003840059592,150.2003840059592,18.7750480007449,83,0.7328990228013029,0.43566775244299677,0.2972312703583062,0.5643322475570033,0.1995114006514658,28.632653061224488,40.0,40.0,1.0,0.9544013199725673
314.0,1189.3219462339093,85.78718361110884,151.11220353513005,151.11220353513005,18.889025441891256,78,0.7366288492706645,0.4376012965964344,0.29902755267423015,0.5623987034035657,0.20016207455429497,28.655870445344128,40.0,40.0,1.0,0.9444832081204649
315.0,1922.8190890635924,537.8810823347077,151.63175708549704,151.63175708549704,18.95396963568713,75,0.7374798061389337,0.438610662358643,0.2988691437802908,0.561389337641357,0.20193861066235863,28.74,40.0,40.0,1.0,0.9396600684394506
316.0,1014.4193322889456,872.0854057398096,151.72111618765433,151.72111618765433,18.96513952345679,78,0.7361668003207699,0.43785084202085006,0.2983159582999198,0.56214915797915,0.2012830793905373,28.772908366533866,40.0,40.0,1.0,0.9387634070372343
317.0,153.5674990450164,153.5674990450164,151.76889218185016,151.76889218185013,18.971111522731267,77,0.7357886309047238,0.4371497197758207,0.2986389111289031,0.5628502802241794,0.20256204963971178,28.786561264822133,40.0,40.0,1.0,0.9379952975278886
318.0,471.0171425882004,471.0171425882004,152.16735103170507,152.16735103170504,19.02091887896313,77,0.736,0.4368,0.2992,0.5632,0.2024,28.786561264822133,40.0,40.0,1.0,0.9338508369740379
319.0,531.0948230276147,40.5543763174036,152.99519539486434,152.9951953948643,19.12439942435804,76,0.7368421052631579,0.43779904306220097,0.29904306220095694,0.562200956937799,0.2025518341307815,28.775590551181104,40.0,40.0,1.0,0.922909589685522
320.0,1160.276723179732,1160.276723179732,153.97973369509813,153.9797336950981,19.247466711887263,78,0.7360890302066773,0.4364069952305246,0.29968203497615264,0.5635930047694754,0.20190779014308427,28.775590551181104,40.0,40.0,1.0,0.9085616045960859
321.0,273.0657524412811,273.0657524412811,152.9901953931127,152.99019539311269,19.123774424139086,79,0.7359238699444886,0.43536875495638383,0.30055511498810467,0.5646312450436162,0.2014274385408406,28.775590551181104,40.0,40.0,1.0,0.9180903344137306
322.0,187.4069237718758,177.7375103916022,152.24026523456854,152.24026523456848,19.03003315432106,77,0.7365506329113924,0.435126582278481,0.3014240506329114,0.564873417721519,0.20253164556962025,28.796875,40.0,40.0,1.0,0.925220421140776
323.0,813.5934480816167,701.1669294536607,151.5516320292423,151.55163202924226,18.943954003655282,77,0.7365930599369085,0.43454258675078866,0.3020504731861199,0.5654574132492114,0.20268138801261829,28.82490272373541,40.0,40.0,1.0,0.931533540760189
324.0,523.3423704683403,0.0,150.73395508181343,150.73395508181343,18.84174438522668,77,0.7368006304176516,0.43498817966903075,0.30181245074862095,0.5650118203309693,0.20252167060677698,28.82490272373541,40.0,40.0,1.0,0.9395002625040655
325.0,353.04926666010215,353.04926666010215,149.91969082142597,149.91969082142597,18.739961352678247,80,0.735062893081761,0.4339622641509434,0.3011006289308176,0.5660377358490566,0.20204402515723272,28.82490272373541,40.0,40.0,1.0,0.9473700908306009
326.0,579.1471961904288,283.1892383674482,149.68959095892427,149.68959095892424,18.71119886986553,79,0.7351097178683386,0.4341692789968652,0.30094043887147337,0.5658307210031348,0.2029780564263323,28.814671814671815,40.0,40.0,1.0,0.9488265059175732
327.0,85.75780480693592,85.75780480693592,149.56754596041785,149.56754596041785,18.69594324505223,77,0.7361002349256069,0.4338292873923258,0.30227094753328115,0.5661707126076743,0.20360219263899765,28.76153846153846,40.0,40.0,1.0,0.9495185206828836
328.0,493.3025527060023,220.9416995433333,149.32562387007926,149.32562387007926,18.665702983759907,76,0.7381137957911146,0.4341387373343726,0.303975058456742,0.5658612626656274,0.20265003897116135,28.76153846153846,40.0,40.0,1.0,0.9516011598972098
329.0,314.6008028331937,314.6008028331937,148.61536404568528,148.61536404568525,18.576920505710657,75,0.7383177570093458,0.4338006230529595,0.3045171339563863,0.5661993769470405,0.20327102803738317,28.75862068965517,40.0,40.0,1.0,0.9596928789121055
330.0,1294.5201207445905,826.6576882515817,147.66469530315862,147.6646953031586,18.458086912894824,76,0.7377812257564003,0.43366951124903025,0.30411171450737007,0.5663304887509697,0.20325833979829325,28.782442748091604,40.0,40.0,1.0,0.9761776331712425
331.0,0.0,0.0,148.09655370558957,148.09655370558957,18.512069213198696,74,0.7385570209464701,0.43366951124903025,0.3048875096974399,0.5663304887509697,0.20403413498836306,28.79467680608365,40.0,40.0,1.0,0.9682152163396218
332.0,432.0344805495549,432.0344805495549,148.94364500679538,148.94364500679538,18.617955625849422,73,0.7387596899224806,0.43333333333333335,0.3054263565891473,0.5666666666666667,0.20465116279069767,28.810606060606062,40.0,40.0,1.0,0.9547646286263839
333.0,772.6280902998386,505.95676818209466,149.6336483210875,149.6336483210875,18.704206040135936,73,0.7378190255220418,0.43310131477184843,0.3047177107501933,0.5668986852281516,0.205723124516628,28.860902255639097,40.0,40.0,1.0,0.9465769109846583
334.0,995.7086199992325,772.1106899826245,150.66418390086807,150.66418390086807,18.83302298760851,74,0.7370855821125675,0.4325366229760987,0.3045489591364688,0.5674633770239013,0.2058596761757903,28.89887640449438,40.0,40.0,1.0,0.9343999183106907
335.0,639.3212416432389,639.3212416432389,150.92391489873984,150.92391489873984,18.86548936234248,73,0.7363566487317448,0.431206764027671,0.3051498847040738,0.568793235972329,0.207532667179093,28.918518518518518,40.0,40.0,1.0,0.9321016341331344
336.0,1270.6332709896665,10.320806031523608,150.9068367619015,150.9068367619015,18.863354595237688,72,0.7379310344827587,0.432183908045977,0.3057471264367816,0.5678160919540229,0.20689655172413793,28.918518518518518,40.0,40.0,1.0,0.9320213501541676
337.0,1765.6677952898872,859.9749513085308,150.8765787934762,150.8765787934762,18.859572349184525,74,0.738004569687738,0.43335872048743335,0.30464584920030463,0.5666412795125666,0.20563594821020564,28.918518518518518,40.0,40.0,1.0,0.9319418443554325
338.0,464.3068265519778,464.3068265519778,151.25141892413833,151.2514189241383,18.90642736551729,78,0.7352048558421851,0.4317147192716237,0.30349013657056145,0.5682852807283764,0.20561456752655538,28.929889298892988,40.0,40.0,1.0,0.9281710554983882
339.0,1551.3380426227338,1265.562024775154,152.43914652927702,152.439146529277,19.054893316159625,80,0.7341389728096677,0.4312688821752266,0.3028700906344411,0.5687311178247734,0.2054380664652568,28.893382352941178,40.0,40.0,1.0,0.9138651677610095
340.0,593.9227629703655,0.0,152.65912051173743,152.6591205117374,19.082390063967175,78,0.7352941176470589,0.4321266968325792,0.3031674208144796,0.5678733031674208,0.20588235294117646,28.90842490842491,40.0,40.0,1.0,0.9108539443076686
341.0,1570.9730484201343,476.4559002569915,152.21132361760974,152.21132361760968,19.02641545220121,80,0.7343867569601203,0.43190368698269377,0.30248306997742663,0.5680963130173062,0.2054176072234763,28.90842490842491,40.0,40.0,1.0,0.914773815744427
342.0,769.9073344707616,0.0,150.79455521143606,150.79455521143603,18.849319401429504,79,0.7357357357357357,0.43318318318318316,0.30255255255255253,0.5668168168168168,0.20495495495495494,28.90842490842491,40.0,40.0,1.0,0.9306306977641879
343.0,751.2900822215094,183.07984714706504,150.12413879662162,150.1241387966216,18.7655173495777,80,0.7361733931240658,0.4342301943198804,0.30194319880418535,0.5657698056801196,0.2040358744394619,28.90842490842491,40.0,40.0,1.0,0.936144605280104
344.0,1090.5645979097803,544.6337556535834,148.79029526177547,148.79029526177547,18.598786907721934,81,0.7360178970917226,0.43400447427293065,0.30201342281879195,0.5659955257270693,0.203579418344519,28.90842490842491,40.0,40.0,1.0,0.9519988441238335
345.0,664.1073424916783,656.1073424916783,148.32343881326713,148.32343881326713,18.54042985165839,80,0.7368029739776951,0.433457249070632,0.3033457249070632,0.566542750929368,0.2037174721189591,28.934306569343065,40.0,40.0,1.0,0.9554402501139979
346.0,2421.8393922801215,1219.311126377057,148.23466210887955,148.23466210887955,18.529332763609943,84,0.735207100591716,0.4334319526627219,0.30177514792899407,0.5665680473372781,0.20266272189349113,28.934306569343065,40.0,40.0,1.0,0.9549684592430892
347.0,1235.1489550134218,1087.643937402735,148.140966434379,148.140966434379,18.517620804297376,83,0.7359882005899705,0.43289085545722716,0.3030973451327434,0.5671091445427728,0.2028023598820059,28.963636363636365,40.0,40.0,1.0,0.9544348854209422
348.0,394.5507769910651,135.18696300365656,147.90438740739552,147.90438740739555,18.488048425924443,82,0.736764705882353,0.43308823529411766,0.30367647058823527,0.5669117647058823,0.20294117647058824,28.945652173913043,40.0,40.0,1.0,0.955123711219155
349.0,1133.3963509646187,432.35453174384793,146.98881812282295,146.98881812282298,18.373602265352872,81,0.7384615384615385,0.43443223443223444,0.304029304029304,0.5655677655677656,0.2021978021978022,28.945652173913043,40.0,40.0,1.0,0.9652781246487854
350.0,747.7860761033818,0.0,146.30570124394097,146.30570124394097,18.28821265549262,78,0.7397660818713451,0.43567251461988304,0.30409356725146197,0.564327485380117,0.20321637426900585,28.989208633093526,40.0,40.0,1.0,0.9738217318889311
351.0,413.2658368079424,155.2702151690226,146.7184808160886,146.71848081608863,18.33981010201108,78,0.7396061269146609,0.4361779722830051,0.30342815463165573,0.5638220277169949,0.20350109409190373,28.97132616487455,40.0,40.0,1.0,0.9637769770485192
352.0,1000.1052836987576,411.4834236662779,147.0608920297155,147.0608920297155,18.382611503714436,76,0.7407407407407407,0.4364560639070443,0.3042846768336964,0.5635439360929557,0.20406681190994916,29.035587188612098,40.0,40.0,1.0,0.9583222582626786
353.0,1477.115841366884,1277.9855728410807,148.30226154805825,148.30226154805823,18.53778269350728,79,0.7395079594790159,0.4363241678726483,0.3031837916063676,0.5636758321273516,0.20332850940665703,29.035587188612098,40.0,40.0,1.0,0.9391806908726895
354.0,915.849428283801,117.89045214650255,148.76261979176735,148.76261979176735,18.59532747397092,79,0.7397260273972602,0.43691420331651043,0.3028118240807498,0.5630857966834896,0.20331651045421772,29.04609929078014,40.0,40.0,1.0,0.9344377766543528
355.0,479.79399287326277,479.79399287326277,148.71415567086473,148.71415567086473,18.58926945885809,81,0.7388489208633093,0.43597122302158275,0.30287769784172663,0.5640287769784172,0.20287769784172663,29.04609929078014,40.0,40.0,1.0,0.9349304420300828
356.0,289.8218928014145,0.0,148.6923178865175,148.69231788651746,18.586539735814682,78,0.7413793103448276,0.4367816091954023,0.3045977011494253,0.5632183908045977,0.2025862068965517,29.04609929078014,40.0,40.0,1.0,0.935537334642423
357.0,611.9743773762447,256.91636639316994,148.66647927652764,148.66647927652758,18.583309909565948,78,0.7421203438395415,0.4376790830945559,0.3044412607449857,0.5623209169054442,0.2020057306590258,29.04609929078014,40.0,40.0,1.0,0.9361220876909443
358.0,1551.0608283504741,1071.0533238071903,149.33917303052797,149.33917303052795,18.667396628815993,79,0.7416131334760885,0.4375446109921485,0.30406852248394006,0.5624553890078515,0.20199857244825126,29.074204946996467,40.0,40.0,1.0,0.9293654466312244
359.0,903.3457377684201,553.8835169293978,150.5343108397427,150.53431083974266,18.816788854967832,80,0.7418207681365576,0.43812233285917496,0.30369843527738266,0.561877667140825,0.20128022759601708,29.074204946996467,40.0,40.0,1.0,0.915366036143369
360.0,610.2038091478315,510.32325302970486,151.28736394766602,151.287363947666,18.91092049345825,78,0.7437899219304471,0.43789921930447123,0.3058907026259759,0.5621007806955287,0.20085166784953867,29.074204946996467,40.0,40.0,1.0,0.9071592130359368
361.0,781.6425226137716,619.7080763584092,150.5343108397427,150.53431083974266,18.816788854967832,79,0.7438075017692852,0.43736730360934184,0.3064401981599434,0.5626326963906582,0.2002830856334041,29.074204946996467,40.0,40.0,1.0,0.915366036143369
362.0,1413.0845064528403,1156.8209464005697,150.06213418587868,150.06213418587868,18.757766773234835,81,0.7431192660550459,0.43683839096683136,0.30628087508821455,0.5631616090331687,0.19971771347918138,29.074204946996467,40.0,40.0,1.0,0.9193737048252245
363.0,1717.4991793314355,1310.5973408617554,148.66980972043766,148.66980972043766,18.583726215054707,85,0.7415730337078652,0.4353932584269663,0.3061797752808989,0.5646067415730337,0.19873595505617977,29.074204946996467,40.0,40.0,1.0,0.9371375805780894
364.0,121.70239224809411,0.0,147.95961938294286,147.95961938294286,18.494952422867858,85,0.7417543859649123,0.4357894736842105,0.3059649122807018,0.5642105263157895,0.1985964912280702,29.074204946996467,40.0,40.0,1.0,0.9446417378443551
365.0,753.3051142063659,445.11784706233976,147.9689584013805,147.96895840138046,18.496119800172558,85,0.7426573426573426,0.43636363636363634,0.3062937062937063,0.5636363636363636,0.1979020979020979,29.074204946996467,40.0,40.0,1.0,0.9442079680142493
366.0,1016.0786371481141,107.9819505891018,148.0026041986883,148.0026041986883,18.500325524836036,84,0.7437150837988827,0.43645251396648044,0.30726256983240224,0.5635474860335196,0.19762569832402235,29.074204946996467,40.0,40.0,1.0,0.9439196620215479
367.0,517.7470307995358,504.30399054213785,148.0460201217281,148.04602012172813,18.505752515216017,84,0.7440725244072525,0.43654114365411434,0.3075313807531381,0.5634588563458857,0.19735006973500696,29.074204946996467,40.0,40.0,1.0,0.943711130995213
368.0,1231.81209477312,42.582968673546134,147.66644071289682,147.66644071289684,18.458305089112105,82,0.7454798331015299,0.437413073713491,0.30806675938803896,0.5625869262865091,0.19749652294853964,29.056338028169016,40.0,40.0,1.0,0.9489308642864877
369.0,846.0241340987612,61.77498425544016,146.7184808160886,146.71848081608863,18.33981010201108,82,0.7456687456687456,0.437976437976438,0.3076923076923077,0.5620235620235621,0.19750519750519752,29.094736842105263,40.0,40.0,1.0,0.9637769770485194
370.0,1188.1079011154827,0.0,146.30570124394097,146.30570124394097,18.28821265549262,79,0.7479281767955801,0.4399171270718232,0.3080110497237569,0.5600828729281768,0.19751381215469613,29.10839160839161,40.0,40.0,1.0,0.9738217318889311
371.0,277.1321502505869,8.0,146.4829995293247,146.4829995293247,18.310374941165588,79,0.7477601654031703,0.44038594073053067,0.3073742246726396,0.5596140592694693,0.1977946243969676,29.076655052264808,40.0,40.0,1.0,0.9734689530566438
372.0,214.44594758456554,214.44594758456554,147.81827081981328,147.81827081981328,18.47728385247666,78,0.7479338842975206,0.44008264462809915,0.30785123966942146,0.5599173553719008,0.19834710743801653,29.09722222222222,40.0,40.0,1.0,0.9553515448819447
373.0,0.0,0.0,148.88868106903118,148.8886810690312,18.6110851336289,76,0.7493112947658402,0.44008264462809915,0.30922865013774103,0.5599173553719008,0.19834710743801653,29.09722222222222,40.0,40.0,1.0,0.9439608182108423
374.0,809.4602051895637,539.8517233678651,149.17086329880073,149.17086329880075,18.646357912350094,77,0.7494852436513384,0.43925875085792726,0.31022649279341113,0.5607412491420728,0.19766643788606725,29.09722222222222,40.0,40.0,1.0,0.9427412390957789
375.0,953.9814053799612,584.8372042811818,154.67826560540462,154.6782656054046,19.334783200675574,74,0.7513698630136987,0.43904109589041096,0.31232876712328766,0.560958904109589,0.19794520547945205,29.134948096885815,40.0,40.0,1.0,0.9332930961553043
376.0,344.5554796046341,0.0,155.82802650990786,155.82802650990786,19.478503313738482,73,0.7518796992481203,0.44019138755980863,0.3116883116883117,0.5598086124401914,0.19822282980177716,29.16896551724138,40.0,40.0,1.0,0.9227809568060186
377.0,941.5136382536894,941.5136382536894,156.28425908250088,156.2842590825009,19.535532385312614,74,0.7518745739604635,0.4389911383776414,0.3128834355828221,0.5610088616223585,0.19768234492160872,29.16896551724138,40.0,40.0,1.0,0.9196035327322354
378.0,862.4163663282102,666.8523817676414,155.85973754694066,155.8597375469407,19.482467193367587,74,0.7523809523809524,0.4387755102040816,0.31360544217687075,0.5612244897959183,0.19727891156462585,29.16896551724138,40.0,40.0,1.0,0.922192702511438
379.0,1097.7620897421743,429.21847722110647,155.24048746161063,155.24048746161066,19.405060932701332,74,0.7533875338753387,0.4383468834688347,0.3150406504065041,0.5616531165311653,0.19647696476964768,29.16896551724138,40.0,40.0,1.0,0.9264757956246704
380.0,987.5868457551154,876.8536884573547,154.0297021561777,154.02970215617773,19.253712769522217,76,0.7520270270270271,0.43783783783783786,0.3141891891891892,0.5621621621621622,0.1966216216216216,29.19931271477663,40.0,40.0,1.0,0.9378070866803864
381.0,685.7574396268681,584.0922716095185,152.49983723033017,152.4998372303302,19.062479653791275,78,0.7515151515151515,0.43703703703703706,0.31447811447811447,0.562962962962963,0.19595959595959597,29.19931271477663,40.0,40.0,1.0,0.9131741565899273
382.0,1157.591442635182,451.51090683633805,151.41065624869287,151.4106562486929,18.926332031086613,80,0.7506702412868632,0.43766756032171583,0.31300268096514744,0.5623324396782842,0.19571045576407506,29.21917808219178,40.0,40.0,1.0,0.9256601304429909
383.0,1884.587566099706,518.5329269159724,150.14557520687953,150.14557520687956,18.768196900859945,81,0.7511674449633089,0.4389593062041361,0.3122081387591728,0.5610406937958639,0.19479653102068045,29.21917808219178,40.0,40.0,1.0,0.9417681879503396
384.0,1197.9339215641523,947.1993985915501,149.69762816070454,149.69762816070454,18.712203520088067,81,0.751664447403462,0.4387483355525965,0.3129161118508655,0.5612516644474035,0.19440745672436752,29.21917808219178,40.0,40.0,1.0,0.9464605198320548
385.0,427.3509514054657,24.754492378940384,149.68796701450557,149.6879670145056,18.7109958768132,80,0.7526595744680851,0.43882978723404253,0.31382978723404253,0.5611702127659575,0.19414893617021275,29.21917808219178,40.0,40.0,1.0,0.9467914413594575
386.0,632.8633563367664,632.8633563367664,149.66550848688738,149.66550848688738,18.708188560860922,79,0.753315649867374,0.4376657824933687,0.3156498673740053,0.5623342175066313,0.1942970822281167,29.16382252559727,40.0,40.0,1.0,0.9471086183332649
387.0,250.88740782879572,127.43657728998642,149.38715143802926,149.38715143802926,18.673393929753658,78,0.753968253968254,0.43716931216931215,0.3167989417989418,0.5628306878306878,0.19444444444444445,29.18027210884354,40.0,40.0,1.0,0.949756150445656
388.0,494.3994529166182,118.79345084276147,148.94364500679538,148.94364500679535,18.61795562584942,77,0.7546174142480211,0.43799472295514513,0.316622691292876,0.5620052770448549,0.1945910290237467,29.2,40.0,40.0,1.0,0.9547646286263839
389.0,484.2669203190529,222.4256363956547,148.09655370558957,148.09655370558954,18.512069213198693,76,0.7552631578947369,0.4388157894736842,0.31644736842105264,0.5611842105263158,0.19473684210526315,29.19256756756757,40.0,40.0,1.0,0.968215216339622
390.0,913.0094429438931,735.1320584271134,148.06631212721112,148.06631212721112,18.50828901590139,79,0.7540983606557377,0.43868852459016394,0.31540983606557377,0.5613114754098361,0.1940983606557377,29.19256756756757,40.0,40.0,1.0,0.9705310425983433
391.0,1344.1665275223152,917.2870017615382,148.33071152211528,148.33071152211528,18.54133894026441,80,0.7537557152188112,0.4389288047028086,0.3148269105160026,0.5610711952971914,0.19399085564990204,29.225589225589225,40.0,40.0,1.0,0.9678437083432502
392.0,916.998900025297,288.476541270913,149.95328341066423,149.95328341066423,18.74416042633303,79,0.7542372881355932,0.438722294654498,0.3155149934810952,0.5612777053455019,0.19426336375488917,29.25503355704698,40.0,40.0,1.0,0.9435965912517851
393.0,2091.4910640792027,1494.9007141021764,150.83879347785307,150.83879347785307,18.854849184731634,81,0.7538961038961038,0.4383116883116883,0.3155844155844156,0.5616883116883117,0.19350649350649352,29.25503355704698,40.0,40.0,1.0,0.9345642517822712
394.0,314.3264245510796,0.0,151.13831566135897,151.13831566135894,18.892289457669868,80,0.7543745949449125,0.4394037589112119,0.3149708360337006,0.560596241088788,0.19377835385612444,29.214046822742475,40.0,40.0,1.0,0.9325871596140705
395.0,471.1717606639579,72.82636781840037,151.22173666590783,151.2217366659078,18.902717083238475,79,0.7553398058252427,0.4394822006472492,0.31585760517799355,0.5605177993527508,0.1935275080906149,29.214046822742475,40.0,40.0,1.0,0.9325211248489941
396.0,269.0600106097199,59.033980586426324,151.43440827254696,151.43440827254693,18.929301034068367,80,0.7550096961861668,0.43956043956043955,0.3154492566257272,0.5604395604395604,0.19327731092436976,29.214046822742475,40.0,40.0,1.0,0.9317417323217397
397.0,823.6632029138161,389.7064679425393,151.5516320292423,151.5516320292423,18.94395400365529,84,0.7540141297366731,0.4399486191393706,0.3140655105973025,0.5600513808606294,0.1920359666024406,29.214046822742475,40.0,40.0,1.0,0.931533540760189
398.0,596.7214479492596,335.55288778635645,152.24026523456854,152.24026523456854,19.030033154321067,82,0.755285073670724,0.44010249839846255,0.31518257527226134,0.5598975016015375,0.19218449711723254,29.216666666666665,40.0,40.0,1.0,0.925220421140776
399.0,809.1033279164991,161.05201181498023,152.9901953931127,152.99019539311274,19.123774424139093,81,0.7563938618925832,0.440537084398977,0.31585677749360613,0.559462915601023,0.1918158567774936,29.216666666666665,40.0,40.0,1.0,0.9180903344137307
400.0,1017.6507075911874,143.26989802011536,153.10925845052566,153.1092584505257,19.13865730631571,80,0.7578075207138305,0.4416826003824092,0.3161249203314213,0.5583173996175909,0.19120458891013384,29.216666666666665,40.0,40.0,1.0,0.9166934322553189
401.0,1805.6870348747464,373.54867227959994,152.9945417572506,152.99454175725066,19.124317719656332,79,0.7592121982210928,0.44218551461245237,0.3170266836086404,0.5578144853875476,0.1905972045743329,29.216666666666665,40.0,40.0,1.0,0.9191071504234453
402.0,186.3283038663112,186.3283038663112,151.88496917058148,151.88496917058148,18.985621146322686,77,0.7601522842639594,0.4416243654822335,0.31852791878172587,0.5583756345177665,0.19098984771573604,29.21594684385382,40.0,40.0,1.0,0.9348254034991348
403.0,1323.6560916315466,621.0519897130705,150.76436835924744,150.76436835924744,18.84554604490593,75,0.7616940581542352,0.44121365360303416,0.320480404551201,0.5587863463969659,0.19089759797724398,29.198675496688743,40.0,40.0,1.0,0.9490523319392449
404.0,662.6046174343788,280.26367031352385,150.34492276419905,150.34492276419908,18.793115345524885,77,0.7610340479192939,0.44136191677175285,0.319672131147541,0.5586380832282472,0.19041614123581338,29.198675496688743,40.0,40.0,1.0,0.953493832877916
405.0,1704.342862153154,314.86200379222106,150.29661199565572,150.29661199565575,18.78707649945697,78,0.7614563716258631,0.44193345888261143,0.31952291274325173,0.5580665411173886,0.18957940991839298,29.198675496688743,40.0,40.0,1.0,0.9540032334528972
406.0,981.1515838905771,550.7787520778343,150.22911902758761,150.22911902758767,18.77863987844846,77,0.7619047619047619,0.4423558897243108,0.31954887218045114,0.5576441102756893,0.18984962406015038,29.22772277227723,40.0,40.0,1.0,0.9544683913283094
407.0,436.0755354234642,50.59313901288565,150.2003840059592,150.20038400595922,18.775048000744903,77,0.7620237351655216,0.4428482198625859,0.31917551530293564,0.5571517801374141,0.18988132417239226,29.263157894736842,40.0,40.0,1.0,0.9544013199725673
408.0,844.0986085085442,401.70917821178887,149.85270637617208,149.85270637617208,18.73158829702151,78,0.7615193026151931,0.44333748443337484,0.3181818181818182,0.5566625155666252,0.18991282689912828,29.291803278688526,40.0,40.0,1.0,0.9571244041530748
409.0,1608.3680537567363,0.0,150.18725222996244,150.18725222996244,18.773406528745305,78,0.7631416202844774,0.44712430426716143,0.31601731601731603,0.5528756957328386,0.1886209029066172,29.291803278688526,40.0,40.0,1.0,0.9516495586833258
410.0,2182.4000329791793,1561.0366366895237,149.45570280195378,149.45570280195375,18.68196285024422,84,0.7606153846153846,0.4461538461538462,0.31446153846153846,0.5538461538461539,0.18769230769230769,29.291803278688526,40.0,40.0,1.0,0.9606738737077656
411.0,1184.7717935824096,0.0,149.72650036041807,149.72650036041807,18.71581254505226,83,0.7610565110565111,0.44717444717444715,0.31388206388206386,0.5528255528255528,0.18796068796068796,29.30392156862745,40.0,40.0,1.0,0.9561928775520003
412.0,466.2755755389451,450.1737578293847,150.6491935746168,150.6491935746168,18.8311491968271,84,0.7608828939301042,0.4469650521152667,0.3139178418148375,0.5530349478847333,0.18761496014714898,29.30392156862745,40.0,40.0,1.0,0.9408031475785565
413.0,1852.524710209922,412.3805106586151,151.3039545899339,151.30395458993394,18.912994323741742,85,0.7607099143206855,0.4473684210526316,0.31334149326805383,0.5526315789473685,0.18727050183598531,29.30392156862745,40.0,40.0,1.0,0.9334641103407557
414.0,233.39898335455706,0.0,151.43440827254696,151.43440827254693,18.929301034068367,82,0.7620795107033639,0.44770642201834865,0.3143730886850153,0.5522935779816514,0.18776758409785932,29.319218241042346,40.0,40.0,1.0,0.9317417323217397
415.0,298.4190486782953,255.95462966428983,151.38765051320402,151.38765051320402,18.923456314150503,82,0.762660158633313,0.4478340451494814,0.3148261134838316,0.5521659548505186,0.18730933496034166,29.319218241042346,40.0,40.0,1.0,0.9312041498244047
416.0,1096.6803638169247,55.84596203476861,151.31498735033142,151.31498735033142,18.914373418791428,83,0.7624847746650426,0.4482338611449452,0.31425091352009743,0.5517661388550548,0.18696711327649207,29.319218241042346,40.0,40.0,1.0,0.9311752653855905
417.0,679.2065947260211,0.0,151.18339944775514,151.18339944775516,18.897924930969396,79,0.7650639074863055,0.4485696895922094,0.31649421789409615,0.5514303104077907,0.18685331710286063,29.319218241042346,40.0,40.0,1.0,0.9317865582071516
418.0,480.2915329584852,244.6049107371333,151.19699468306135,151.1969946830614,18.899624335382676,76,0.7653495440729483,0.4486322188449848,0.31671732522796353,0.5513677811550152,0.1884498480243161,29.370967741935484,40.0,40.0,1.0,0.9315624071997073
419.0,277.1931611723183,277.1931611723183,151.0283953684019,151.02839536840193,18.87854942105024,73,0.7662416514875531,0.44808743169398907,0.31815421979356406,0.5519125683060109,0.1894353369763206,29.346153846153847,40.0,40.0,1.0,0.9326547204921843
420.0,2479.258144918414,1985.9238067253355,151.6796818098277,151.67968180982777,18.95996022622847,73,0.7652752571082879,0.4470659407138536,0.31820931639443434,0.5529340592861464,0.19056261343012704,29.36190476190476,40.0,40.0,1.0,0.9246174760104664
421.0,707.0719369369268,698.5026302431365,151.9036773137421,151.9036773137421,18.98795966421776,71,0.7655589123867069,0.4471299093655589,0.318429003021148,0.552870090634441,0.19154078549848944,29.410094637223974,40.0,40.0,1.0,0.9200981169358889
422.0,885.0377591214319,885.0377591214319,150.65762946883063,150.65762946883066,18.832203683603833,74,0.7643158529234478,0.4460518384569018,0.3182640144665461,0.5539481615430982,0.19107896323086196,29.410094637223974,40.0,40.0,1.0,0.9361116330150778
423.0,1078.5206789500749,955.993257715623,149.8048274239127,149.80482742391274,18.725603427989093,78,0.7630473905218956,0.44571085782843434,0.3173365326934613,0.5542891421715657,0.19016196760647872,29.410094637223974,40.0,40.0,1.0,0.9460115715623335
424.0,0.0,0.0,149.59633668105764,149.59633668105766,18.699542085132208,75,0.764247150569886,0.44571085782843434,0.31853629274145173,0.5542891421715657,0.1907618476304739,29.443396226415093,40.0,40.0,1.0,0.947790545166998
425.0,164.8548265410711,77.31535843135754,149.63702929065917,149.63702929065917,18.704628661332396,76,0.7634730538922155,0.44550898203592815,0.31796407185628744,0.5544910179640719,0.19101796407185628,29.442006269592476,40.0,40.0,1.0,0.947300422732075
426.0,686.9061882117558,596.7642835925794,149.66494314299834,149.66494314299837,18.708117892874796,73,0.7644949193066348,0.44530783024506876,0.31918708906156606,0.5546921697549313,0.19187089061566048,29.442367601246104,40.0,40.0,1.0,0.9467915841500278
427.0,723.0065286781794,357.8894650759144,149.68002033069774,149.68002033069774,18.710002541337218,74,0.764600715137068,0.44517282479141834,0.31942789034564956,0.5548271752085816,0.19129916567342073,29.442367601246104,40.0,40.0,1.0,0.9462702277910806
428.0,809.9991177919967,147.25414967656033,150.36258892192987,150.3625889219299,18.795323615241237,74,0.7654394299287411,0.44655581947743467,0.3188836104513064,0.5534441805225653,0.19061757719714964,29.442367601246104,40.0,40.0,1.0,0.9386459379999301
429.0,516.3660901855767,284.8384247728945,149.89455238395243,149.89455238395243,18.736819047994054,74,0.7652637818612922,0.4463544754001186,0.31890930646117366,0.5536455245998815,0.1908713692946058,29.406832298136646,40.0,40.0,1.0,0.9424959125192618
430.0,988.5818401677927,878.1340811091482,149.4493841330159,149.4493841330159,18.68117301662699,78,0.7637330183106911,0.4453632604843473,0.31836975782634375,0.5546367395156527,0.19019492025989368,29.406832298136646,40.0,40.0,1.0,0.9472447752429707
431.0,1779.6801601701648,483.5697226000207,149.25926009210514,149.25926009210514,18.657407511513142,77,0.7651559741024132,0.4461447910535609,0.3190111830488523,0.5538552089464391,0.18952324896998235,29.406832298136646,40.0,40.0,1.0,0.9495568219770679
432.0,284.99282048190435,250.60356892102797,149.59675925851687,149.59675925851687,18.69959490731461,73,0.7660199882422105,0.4462081128747795,0.31981187536743094,0.5537918871252204,0.19106407995296884,29.44,40.0,40.0,1.0,0.942915744630191
433.0,381.85350992459166,253.44064703065754,149.4061917022905,149.4061917022905,18.675773962786312,70,0.7680563711098062,0.44627128596594245,0.3217850851438638,0.5537287140340575,0.19083969465648856,29.44,40.0,40.0,1.0,0.9440202530606128
434.0,659.5217892554329,619.8632897447294,149.28488828808318,149.28488828808315,18.660611036010394,73,0.7663934426229508,0.4455503512880562,0.32084309133489464,0.5544496487119438,0.19086651053864168,29.466257668711656,40.0,40.0,1.0,0.944225803190564
435.0,964.8746356245349,296.9880859657973,149.15767269453235,149.15767269453235,18.644709086816544,73,0.766044340723454,0.4457409568261377,0.3203033838973162,0.5542590431738623,0.19136522753792298,29.48780487804878,40.0,40.0,1.0,0.9443696654036574
436.0,1204.5811851027047,435.9255177922677,149.0254118137003,149.02541181370032,18.62817647671254,75,0.7655613728912158,0.44618964514252474,0.3193717277486911,0.5538103548574753,0.1908086096567772,29.48780487804878,40.0,40.0,1.0,0.9444549467459745
437.0,101.40633500633803,101.40633500633803,148.88908817337963,148.88908817337966,18.611136021672458,76,0.7653890824622532,0.4454123112659698,0.31997677119628337,0.5545876887340302,0.19047619047619047,29.48780487804878,40.0,40.0,1.0,0.9444845684460309
438.0,294.4052171490555,21.37580401238502,148.3108409454576,148.31084094545764,18.538855118182205,76,0.7652173913043478,0.44521739130434784,0.32,0.5547826086956522,0.1907246376811594,29.513677811550153,40.0,40.0,1.0,0.9493100634246546
439.0,360.85028607009565,140.3675049492121,148.67738778447026,148.6773877844703,18.58467347305879,75,0.765625,0.44560185185185186,0.32002314814814814,0.5543981481481481,0.1909722222222222,29.46969696969697,40.0,40.0,1.0,0.9439248404929819
440.0,1778.3280776524339,660.9108404779421,149.6809759540581,149.68097595405814,18.710121994257268,78,0.7645365572826712,0.44559585492227977,0.31894070236039146,0.5544041450777202,0.19055843408175013,29.49546827794562,40.0,40.0,1.0,0.9286428965841739
441.0,146.9903367726248,68.77899457298243,149.7228218639787,149.72282186397874,18.715352732997342,77,0.7648073605520413,0.4456584243818286,0.3191489361702128,0.5543415756181713,0.19091431857389304,29.47289156626506,40.0,40.0,1.0,0.9255846432369549
442.0,1071.0735578723306,384.10505766201914,148.9151329397038,148.91513293970385,18.61439161746298,77,0.7654816513761468,0.4461009174311927,0.31938073394495414,0.5538990825688074,0.19036697247706422,29.47289156626506,40.0,40.0,1.0,0.9355718658893187
443.0,1640.5692743950472,1323.9117419959337,148.30231475212346,148.3023147521235,18.537789344015437,78,0.7650085763293311,0.4453973699256718,0.31961120640365925,0.5546026300743282,0.19039451114922812,29.435435435435437,40.0,40.0,1.0,0.940324531955067
444.0,1443.4766860929485,0.0,148.29451276117268,144.299486557828,18.0374358197285,74,0.7666856816885339,0.4466628636622932,0.3200228180262407,0.5533371363377068,0.19110096976611524,29.44179104477612,40.0,40.0,1.0,0.9401137199907066
445.0,542.9841534594935,0.0,150.81453179325942,150.8145317932594,18.851816474157424,73,0.7676537585421412,0.44760820045558086,0.3200455580865604,0.5523917995444191,0.1907744874715262,29.44179104477612,40.0,40.0,1.0,0.957798670043884
446.0,0.0,0.0,150.01560100600855,150.01560100600852,18.751950125751065,71,0.7682232346241458,0.44760820045558086,0.3206150341685649,0.5523917995444191,0.19134396355353075,29.4375,40.0,40.0,1.0,0.96645325512708
447.0,1598.8177608182555,542.5722997051383,148.88316649019188,148.88316649019185,18.610395811273982,72,0.7673098751418842,0.4477866061293984,0.3195232690124858,0.5522133938706016,0.19182746878547105,29.431952662721894,40.0,40.0,1.0,0.9346011385514054
448.0,95.4435368260687,95.4435368260687,148.89914272101586,148.89914272101586,18.612392840126983,69,0.7680090754395916,0.44753261486103235,0.3204764605785593,0.5524673851389676,0.19285309132161088,29.41470588235294,40.0,40.0,1.0,0.9345953944060631
449.0,874.1391634173525,729.4840201508771,148.68891820365673,148.68891820365673,18.58611477545709,70,0.7678369195922989,0.4479048697621744,0.3199320498301246,0.5520951302378256,0.19252548131370328,29.41470588235294,40.0,40.0,1.0,0.9365123561533771
450.0,189.13577489334438,189.13577489334438,148.37785412335478,148.37785412335478,18.547231765419347,67,0.769100169779287,0.44765138653084324,0.32144878324844367,0.5523486134691568,0.19298245614035087,29.378299120234605,40.0,40.0,1.0,0.94116373987805
451.0,692.4621317814274,692.4621317814274,148.60295554497,148.60295554496997,18.575369443121247,67,0.7682306387789711,0.44714527981910684,0.32108535895986434,0.5528547201808932,0.19389485585076313,29.35276967930029,40.0,40.0,1.0,0.9372176036695102
452.0,920.7704672714905,627.418854641699,148.27426282003785,148.27426282003785,18.53428285250473,71,0.7668918918918919,0.44650900900900903,0.32038288288288286,0.553490990990991,0.19313063063063063,29.35276967930029,40.0,40.0,1.0,0.9420526284438409
453.0,1287.86449275282,1187.925876044868,148.0160669796416,148.0160669796416,18.5020083724552,76,0.765002804262479,0.4453168816601234,0.31968592260235557,0.5546831183398766,0.19237240605720696,29.35276967930029,40.0,40.0,1.0,0.9442919683306724
454.0,0.0,0.0,148.0045890258233,148.0045890258233,18.50057362822791,76,0.765002804262479,0.4453168816601234,0.31968592260235557,0.5546831183398766,0.19237240605720696,29.35276967930029,40.0,40.0,1.0,0.9441952289775243
455.0,334.7789043408937,236.12646068283075,147.9900821270764,147.9900821270764,18.49876026588455,78,0.7646730016769144,0.44494130799329235,0.31973169368362214,0.5550586920067077,0.1917272219116825,29.35276967930029,40.0,40.0,1.0,0.9440688420051349
456.0,1144.4831302472408,695.8869740975566,148.01873713573676,148.01873713573679,18.502342141967098,79,0.7646402677077524,0.4456218627997769,0.31901840490797545,0.5543781372002231,0.1912994980479643,29.35276967930029,40.0,40.0,1.0,0.9439147582065752
457.0,968.0458411902266,0.0,147.5233913365185,147.52339133651853,18.440423917064816,77,0.765033407572383,0.4465478841870824,0.3184855233853007,0.5534521158129176,0.1920935412026726,29.3768115942029,40.0,40.0,1.0,0.9494713167653076
458.0,288.3508659374952,195.64183090472125,147.63334200025727,147.6333420002573,18.454167750032163,77,0.7652947719688543,0.44660734149054504,0.3186874304783092,0.553392658509455,0.19187986651835373,29.3768115942029,40.0,40.0,1.0,0.9496544567436473
459.0,717.1579011373601,372.52516096644587,148.4839716773979,148.48397167739796,18.560496459674745,77,0.7656857301499167,0.4469739033870072,0.3187118267629095,0.5530260966129927,0.19156024430871738,29.3768115942029,40.0,40.0,1.0,0.9419881124351244
460.0,427.9826499968917,209.68466380386417,149.21791823404294,149.21791823404294,18.652239779255368,73,0.7676095396561287,0.447032723239046,0.32057681641708263,0.5529672767609539,0.19190238491403216,29.40173410404624,40.0,40.0,1.0,0.9339250263423309
461.0,861.9069941961434,799.2846824135911,149.259845663979,149.25984566397904,18.65748070799738,77,0.7661691542288557,0.4461028192371476,0.3200663349917081,0.5538971807628524,0.19126589275843006,29.40173410404624,40.0,40.0,1.0,0.9357103917483813
462.0,1307.497091282361,553.9517794409026,148.97258011102832,148.97258011102835,18.621572513878544,77,0.7669421487603306,0.4462809917355372,0.32066115702479336,0.5537190082644629,0.19063360881542699,29.40173410404624,40.0,40.0,1.0,0.9415931001607476
463.0,1106.3082191208628,224.04191160788872,149.09235699157517,149.09235699157517,18.636544623946897,77,0.7675824175824176,0.4461538461538462,0.32142857142857145,0.5538461538461539,0.1901098901098901,29.40173410404624,40.0,40.0,1.0,0.9419185748585484
464.0,709.388079753661,588.4122104368091,149.20728117837248,149.2072811783725,18.650910147296564,78,0.7665753424657534,0.44602739726027396,0.32054794520547947,0.553972602739726,0.19068493150684931,29.419540229885058,40.0,40.0,1.0,0.9422281376540714
465.0,712.2387868072469,626.8677525982597,149.31209962767483,149.31209962767483,18.664012453459353,81,0.7650273224043715,0.4453551912568306,0.319672131147541,0.5546448087431693,0.1907103825136612,29.426934097421203,40.0,40.0,1.0,0.9425624174372159
466.0,368.40949693305834,0.0,150.01688911754434,150.01688911754434,18.752111139693042,78,0.7658296943231441,0.44596069868995636,0.31986899563318777,0.5540393013100436,0.19159388646288208,29.441595441595442,40.0,40.0,1.0,0.936716551625556
467.0,1999.7774920097436,1396.1283788325625,150.10823713680645,150.10823713680645,18.763529642100806,79,0.7659227000544366,0.4458356015242243,0.3200870985302123,0.5541643984757757,0.19107240065323897,29.441595441595442,40.0,40.0,1.0,0.9369856495669276
468.0,2150.389941090412,1159.7710543776413,150.1865013612486,150.1865013612486,18.773312670156074,77,0.7665580890336591,0.44679695982627576,0.31976112920738325,0.5532030401737242,0.19163952225841477,29.456090651558075,40.0,40.0,1.0,0.937280444334006
469.0,150.79448244895045,37.08429069889912,150.19313157408487,150.19313157408487,18.77414144676061,77,0.7663956639566396,0.44661246612466127,0.31978319783197834,0.5533875338753388,0.191869918699187,29.48587570621469,40.0,40.0,1.0,0.9382074670666437
470.0,770.2576170589082,0.0,150.70520449824602,150.70520449824602,18.838150562280752,72,0.7683982683982684,0.4475108225108225,0.3208874458874459,0.5524891774891775,0.19264069264069264,29.474719101123597,40.0,40.0,1.0,0.9317766615768879
471.0,657.5599132461599,637.8841794832285,150.70565054351778,150.70565054351778,18.838206317939722,73,0.7683585313174947,0.4470842332613391,0.3212742980561555,0.5529157667386609,0.19222462203023757,29.474719101123597,40.0,40.0,1.0,0.9330073926156665
472.0,1770.3864561744297,426.0482807656351,150.38941928250557,150.38941928250554,18.798677410313193,75,0.7679914070891515,0.44790547798066593,0.3200859291084855,0.5520945220193341,0.19172932330827067,29.49299719887955,40.0,40.0,1.0,0.9373370413010752
473.0,833.536272222198,774.550491347574,149.986890966489,149.98689096648894,18.748361370811118,76,0.767416934619507,0.447481243301179,0.319935691318328,0.552518756698821,0.19185423365487675,29.5,40.0,40.0,1.0,0.9412923083597329
474.0,1097.5207741374563,751.598718645122,150.05860090633118,150.05860090633115,18.757325113291394,76,0.767379679144385,0.4470588235294118,0.32032085561497325,0.5529411764705883,0.19197860962566846,29.52924791086351,40.0,40.0,1.0,0.9405543464425261
475.0,77.80554533943179,0.0,150.12318501534008,150.12318501534008,18.76539812691751,74,0.7675040085515767,0.44735435595938,0.3201496525921967,0.55264564404062,0.19294494922501337,29.48753462603878,40.0,40.0,1.0,0.9397268342459792
476.0,0.0,0.0,149.44969740212974,149.44969740212971,18.681212175266214,72,0.7685729556386959,0.44735435595938,0.3212185996793159,0.55264564404062,0.19294494922501337,29.48753462603878,40.0,40.0,1.0,0.94661478375836
477.0,25.47535895304297,25.47535895304297,149.4963773401728,149.4963773401728,18.6870471675216,72,0.7681623931623932,0.44711538461538464,0.32104700854700857,0.5528846153846154,0.19337606837606838,29.516574585635357,40.0,40.0,1.0,0.9457805069718697
478.0,890.8102582071303,648.049723167917,149.7119337968189,149.71193379681893,18.713991724602366,75,0.7673056443024494,0.4472843450479233,0.3200212992545261,0.5527156549520766,0.19275825346112885,29.516574585635357,40.0,40.0,1.0,0.9438638099445038
479.0,504.2712891229003,411.2671141197004,150.01660196016985,150.01660196016985,18.75207524502123,76,0.7671451355661882,0.44710260499734183,0.32004253056884635,0.5528973950026581,0.1924508240297714,29.516574585635357,40.0,40.0,1.0,0.9416571655995439
480.0,648.6265087129034,648.6265087129034,150.20544612485426,150.2054461248543,18.775680765606786,75,0.7671087533156499,0.4461538461538462,0.3209549071618037,0.5538461538461539,0.19310344827586207,29.568681318681318,40.0,40.0,1.0,0.9399630768599856
481.0,290.0417421726837,197.11061302235535,149.55757152988392,144.17512515220568,18.02189064402571,75,0.7669491525423728,0.4465042372881356,0.3204449152542373,0.5534957627118644,0.1933262711864407,29.545205479452054,40.0,40.0,1.0,0.9527589486488689
482.0,472.91086537729024,431.7130810374679,156.07016285022155,156.07016285022152,19.50877035627769,77,0.76610348468849,0.4461457233368532,0.3199577613516367,0.5538542766631468,0.1932418162618796,29.562841530054644,40.0,40.0,1.0,0.9380190333744822
483.0,755.4761933120636,688.6899693503872,155.36730745682678,155.36730745682678,19.420913432103347,76,0.7670005271481286,0.4459673168160253,0.3210332103321033,0.5540326831839747,0.1929362150764365,29.562841530054644,40.0,40.0,1.0,0.9455762049662152
484.0,125.92924561226359,125.92924561226359,154.6476889567336,154.64768895673356,19.330961119591695,77,0.7657894736842106,0.44526315789473686,0.32052631578947366,0.5547368421052632,0.1936842105263158,29.592391304347824,40.0,40.0,1.0,0.9531081818238216
485.0,647.6956178872585,123.9343799596954,154.49520691021905,154.49520691021905,19.31190086377738,78,0.765633210719916,0.44561219127693114,0.3200210194429848,0.5543878087230688,0.19337887545980031,29.592391304347824,40.0,40.0,1.0,0.9549739595334382
486.0,454.9785547636446,285.29943617395315,154.9532566766451,154.95325667664508,19.369157084580635,78,0.7654774396642182,0.4459601259181532,0.31951731374606507,0.5540398740818469,0.19359916054564533,29.59891598915989,40.0,40.0,1.0,0.9524406062853632
487.0,1082.9514453028853,0.0,154.65214483144374,154.6521448314437,19.331518103930463,76,0.7664921465968586,0.44712041884816756,0.3193717277486911,0.5528795811518324,0.193717277486911,29.59189189189189,40.0,40.0,1.0,0.9566438520703169
488.0,44.60776389776744,44.60776389776744,155.02796270802122,155.02796270802125,19.378495338502656,75,0.7666143380429095,0.4468864468864469,0.3197278911564626,0.5531135531135531,0.19413919413919414,29.609164420485175,40.0,40.0,1.0,0.953544453407709
489.0,264.14437497183593,102.75990565025091,155.73470849405544,155.73470849405544,19.46683856175693,73,0.766858337689493,0.446941975953999,0.319916361735494,0.553058024046001,0.1949817041296393,29.613941018766756,40.0,40.0,1.0,0.9476259536230047
490.0,400.8471255200192,400.8471255200192,156.34966110830752,156.34966110830752,19.54370763853844,72,0.766579634464752,0.4464751958224543,0.32010443864229765,0.5535248041775457,0.195822454308094,29.610666666666667,40.0,40.0,1.0,0.9415945321748628
491.0,2058.2201514841104,2029.78984468519,155.97668871531587,155.97668871531587,19.497086089414484,72,0.7661458333333333,0.44583333333333336,0.3203125,0.5541666666666667,0.19635416666666666,29.663129973474803,40.0,40.0,1.0,0.9466319361486152
492.0,1134.240873865305,195.53146803221358,154.83567054532259,154.8356705453226,19.354458818165327,71,0.7668743509865005,0.446521287642783,0.32035306334371755,0.553478712357217,0.19626168224299065,29.658730158730158,40.0,40.0,1.0,0.9615271637475499
493.0,36.907098735516,0.0,154.56479667591714,154.56479667591717,19.320599584489646,69,0.7681535269709544,0.4470954356846473,0.3210580912863071,0.5529045643153527,0.19605809128630705,29.658730158730158,40.0,40.0,1.0,0.9661140702806067
494.0,192.6985370445064,192.6985370445064,155.07228394661635,155.07228394661635,19.384035493327044,71,0.7673575129533678,0.4466321243523316,0.3207253886010363,0.5533678756476684,0.19585492227979276,29.658730158730158,40.0,40.0,1.0,0.9622745638301888
495.0,1166.8647816518533,825.9045410792835,155.16949396422282,155.16949396422285,19.396186745527856,73,0.766804550155119,0.4462254395036194,0.32057911065149947,0.5537745604963805,0.1954498448810755,29.658730158730158,40.0,40.0,1.0,0.9616524079527633
496.0,184.81373570750995,0.0,155.46183794102333,155.4618379410233,19.432729742627913,69,0.7674418604651163,0.44651162790697674,0.3209302325581395,0.5534883720930233,0.19689922480620156,29.656167979002625,40.0,40.0,1.0,0.9593738011181592
497.0,255.65792973137354,173.7589435694861,156.13231356639716,156.13231356639713,19.51653919579964,71,0.7667698658410733,0.44633642930856554,0.3204334365325077,0.5536635706914345,0.19659442724458204,29.656167979002625,40.0,40.0,1.0,0.9533448163492442
498.0,1035.5884699547807,586.9159200357253,156.8455161470297,156.84551614702968,19.60568951837871,71,0.7668553782810088,0.4467318579516212,0.32012352032938757,0.5532681420483788,0.1966031909418425,29.623036649214658,40.0,40.0,1.0,0.9446252399521499
499.0,210.68574276588174,210.68574276588174,157.80476311013732,157.80476311013726,19.725595388767157,72,0.7665809768637533,0.44627249357326476,0.32030848329048844,0.5537275064267352,0.19640102827763495,29.623036649214658,40.0,40.0,1.0,0.9324379937306829
500.0,843.1533604597555,633.8848764526335,149.00208183991305,149.00208183991305,18.62526022998913,74,0.7657611481291645,0.4459251665812404,0.31983598154792414,0.5540748334187596,0.1963095848282932,29.621409921671017,40.0,40.0,1.0,0.9618340831066793
501.0,324.1755537047795,0.0,148.44980694229906,148.44980694229906,18.556225867787383,70,0.7676560900716479,0.4467758444216991,0.3208802456499488,0.553224155578301,0.19651995905834185,29.645833333333332,40.0,40.0,1.0,0.9718131158717128
502.0,73.84741916171802,73.84741916171802,149.20962442321743,149.20962442321743,18.65120305290218,70,0.7673824130879345,0.44631901840490795,0.3210633946830266,0.553680981595092,0.19683026584867075,29.623376623376622,40.0,40.0,1.0,0.9623172231832651
503.0,678.8225436410314,138.02317881565165,149.90194413765528,149.90194413765525,18.737743017206906,70,0.7678571428571429,0.44642857142857145,0.32142857142857145,0.5535714285714286,0.19642857142857142,29.623376623376622,40.0,40.0,1.0,0.9540759900009604
504.0,83.61346299769471,0.0,150.68385372547502,150.683853725475,18.835481715684374,68,0.7691131498470948,0.44699286442405706,0.3221202854230377,0.5530071355759429,0.1962283384301733,29.623376623376622,40.0,40.0,1.0,0.9445898178667668
505.0,845.2684839379201,845.2684839379201,151.40021943781122,151.4002194378112,18.9250274297264,69,0.7686832740213523,0.44585663446873414,0.3228266395526182,0.5541433655312659,0.1962379257752923,29.642487046632123,40.0,40.0,1.0,0.9359642879002559
506.0,812.7857586565783,812.7857586565783,151.5177886863709,151.5177886863709,18.93972358579636,71,0.76751269035533,0.4451776649746193,0.3223350253807107,0.5548223350253807,0.1964467005076142,29.664082687338503,40.0,40.0,1.0,0.9341966649273489
507.0,207.13505181846088,207.13505181846088,151.44895315241632,151.44895315241632,18.93111914405204,69,0.7682555780933062,0.4447261663286004,0.3235294117647059,0.5552738336713996,0.19675456389452334,29.675257731958762,40.0,40.0,1.0,0.9337882996582624
508.0,638.4169225600491,638.4169225600491,151.50784098535942,151.5078409853594,18.938480123169924,70,0.7672064777327935,0.4438259109311741,0.3233805668016194,0.5561740890688259,0.19736842105263158,29.692307692307693,40.0,40.0,1.0,0.9325366670013684
509.0,413.5170509014374,413.5170509014374,152.13956151614363,152.13956151614363,19.017445189517954,73,0.7660434562910561,0.4431531076301162,0.32289034866093985,0.5568468923698838,0.19706922688226378,29.692307692307693,40.0,40.0,1.0,0.9252902018708431
510.0,731.91086525168,160.7290785589111,153.5273385153367,153.52733851533668,19.190917314417085,75,0.7651209677419355,0.4430443548387097,0.3220766129032258,0.5569556451612904,0.1970766129032258,29.703324808184142,40.0,40.0,1.0,0.9063525823501618
511.0,772.7558552778037,305.8569972929857,153.0237487379934,153.02374873799334,19.127968592249168,74,0.7659788626069451,0.4428787116255662,0.32310015098137895,0.5571212883744339,0.19677906391545041,29.703324808184142,40.0,40.0,1.0,0.9103900035517062
512.0,451.3842554214229,451.3842554214229,152.09737738554716,152.09737738554716,19.012172173193395,75,0.7653266331658292,0.44221105527638194,0.3231155778894472,0.5577889447236181,0.19698492462311556,29.683673469387756,40.0,40.0,1.0,0.9186786542489654
513.0,715.0006337139159,101.47490485219703,150.9065193266678,150.9065193266678,18.863314915833474,74,0.7659147869674185,0.4421052631578947,0.3238095238095238,0.5578947368421052,0.19699248120300752,29.671755725190838,40.0,40.0,1.0,0.9317934781526067
514.0,593.2927639147241,130.46136051915195,150.18023888248788,150.18023888248788,18.772529860310986,72,0.767,0.443,0.324,0.557,0.197,29.6751269035533,40.0,40.0,1.0,0.9395852563182642
515.0,281.7470401801485,106.20610441406038,149.1110633526876,149.11106335268758,18.638882919085948,74,0.7663504742885672,0.44283574638042933,0.3235147279081378,0.5571642536195707,0.1967049425861208,29.6751269035533,40.0,40.0,1.0,0.9529591011804074
516.0,605.4865729181568,158.5223046675705,148.81670728742802,148.81670728742802,18.602088410928502,74,0.7662013958125623,0.44317048853439683,0.3230309072781655,0.5568295114656032,0.19690927218344964,29.68860759493671,40.0,40.0,1.0,0.9560155586182356
517.0,1099.7028309763384,868.4815350197608,148.7903325037105,148.7903325037105,18.59879156296381,78,0.7645305514157973,0.4426229508196721,0.32190760059612517,0.5573770491803278,0.19672131147540983,29.699494949494948,40.0,40.0,1.0,0.9563417686073764
518.0,403.48075765201816,403.48075765201816,148.75711623537285,148.75711623537285,18.594639529421606,77,0.7652605459057072,0.4421836228287841,0.3230769230769231,0.5578163771712159,0.1965260545905707,29.699494949494948,40.0,40.0,1.0,0.9565586597046101
519.0,1276.4953510357368,941.693043062473,148.33043381592296,148.33043381592296,18.54130422699037,81,0.7638339920948617,0.441699604743083,0.3221343873517787,0.558300395256917,0.19614624505928854,29.722921914357684,40.0,40.0,1.0,0.9606169389471702
520.0,345.3324599600417,326.2755505632329,147.48207437002037,147.48207437002037,18.435259296252546,81,0.7642998027613412,0.4413214990138067,0.3229783037475345,0.5586785009861933,0.1957593688362919,29.722921914357684,40.0,40.0,1.0,0.9733824960382519
521.0,263.08169663308354,199.1859471571496,147.42718042979052,147.4271804297905,18.428397553723812,82,0.7636632200886263,0.44116198916789756,0.3225012309207287,0.5588380108321024,0.19596258000984737,29.718592964824122,40.0,40.0,1.0,0.9731807982895992
522.0,208.48264973352207,150.21188435578128,148.27975679270116,148.27975679270114,18.534969599087642,81,0.7636363636363637,0.4412776412776413,0.32235872235872237,0.5587223587223588,0.19656019656019655,29.7,40.0,40.0,1.0,0.9578576052245054
523.0,981.9670118033604,204.6814688737522,148.76823296989335,148.76823296989335,18.59602912123667,80,0.7647058823529411,0.442156862745098,0.32254901960784316,0.557843137254902,0.19607843137254902,29.7,40.0,40.0,1.0,0.9515016450805186
524.0,878.5940416833835,0.0,149.90004861070963,149.90004861070963,18.737506076338704,80,0.7652811735941321,0.443520782396088,0.321760391198044,0.556479217603912,0.19559902200489,29.7,40.0,40.0,1.0,0.9354453809482763
525.0,150.940095818816,0.0,150.14633350894002,150.14633350894002,18.768291688617502,78,0.76611328125,0.4443359375,0.32177734375,0.5556640625,0.19580078125,29.693266832917704,40.0,40.0,1.0,0.932130591743096
526.0,209.83063391147567,145.7192003055236,149.99803088319322,149.9980308831932,18.74975386039915,78,0.7663414634146342,0.44439024390243903,0.32195121951219513,0.555609756097561,0.19560975609756098,29.693266832917704,40.0,40.0,1.0,0.932314279892013
527.0,918.3067973991486,710.752936012612,149.84047873057577,149.84047873057574,18.730059841321967,80,0.7657087189478812,0.44422795908426693,0.32148075986361424,0.5557720409157331,0.19532391622016562,29.693266832917704,40.0,40.0,1.0,0.9325259655540761
528.0,0.0,0.0,149.81406348051843,149.8140634805184,18.7267579350648,78,0.7661958110082806,0.44422795908426693,0.3219678519240136,0.5557720409157331,0.19581100828056502,29.71144278606965,40.0,40.0,1.0,0.9316277589746275
529.0,1430.968259110929,196.41031107210904,150.5609311533294,150.56093115332936,18.82011639416617,77,0.7656781720952844,0.44433641225085074,0.32134175984443364,0.5556635877491493,0.1968886728245017,29.68148148148148,40.0,40.0,1.0,0.9218758514725742
530.0,406.501059659862,273.0711308511661,151.35995263157497,151.3599526315749,18.919994078946864,77,0.7660194174757281,0.4441747572815534,0.32184466019417474,0.5558252427184466,0.1966019417475728,29.68148148148148,40.0,40.0,1.0,0.9112559186347751
531.0,1075.5068377861553,352.23135527733984,151.43243142905393,151.43243142905388,18.929053928631735,74,0.767329132331556,0.4444983034415899,0.32283082888996606,0.5555016965584101,0.19680077556955888,29.655172413793103,40.0,40.0,1.0,0.9086915017540972
532.0,1036.9746600843528,1036.9746600843528,150.07513904669227,150.07513904669224,18.75939238083653,77,0.7663280116110305,0.4436381228834059,0.32268988872762455,0.5563618771165941,0.19641993226898888,29.655172413793103,40.0,40.0,1.0,0.9221699277632027
533.0,832.8575997182783,832.8575997182783,149.47401144199898,149.474011441999,18.684251430249876,81,0.7644787644787645,0.44256756756756754,0.3219111969111969,0.5574324324324325,0.19642857142857142,29.636363636363637,40.0,40.0,1.0,0.9262886064299898
534.0,1047.602812278897,966.4800051330536,148.08902155667516,148.08902155667516,18.511127694584395,85,0.7631198844487241,0.4419836302359172,0.32113625421280695,0.5580163697640829,0.1959557053442465,29.636363636363637,40.0,40.0,1.0,0.9441746216592222
535.0,1220.6807448905317,318.97378188084616,147.57759809490946,147.5775980949095,18.447199761863686,85,0.7636887608069164,0.44188280499519694,0.3218059558117195,0.5581171950048031,0.19548511047070125,29.636363636363637,40.0,40.0,1.0,0.9492968072409662
536.0,668.412903389827,477.7520032709556,147.6453134817895,147.6453134817895,18.455664185223686,85,0.763183125599233,0.4419942473633749,0.3211888782358581,0.5580057526366251,0.19606903163950143,29.65281173594132,40.0,40.0,1.0,0.9487302581863664
537.0,625.1324465331737,365.4117614529649,147.70732859851287,147.7073285985129,18.463416074814113,84,0.7638888888888888,0.4420498084291188,0.3218390804597701,0.5579501915708812,0.19588122605363983,29.65281173594132,40.0,40.0,1.0,0.9481670518703883
538.0,549.7773209996407,282.89877424592476,147.76328137233912,147.76328137233912,18.47041017154239,80,0.7647058823529411,0.44237207077953133,0.32233381157340985,0.5576279292204687,0.19703491152558583,29.660194174757283,40.0,40.0,1.0,0.9476127655093499
539.0,1159.240900033115,1035.304194440283,147.13321342318815,147.13321342318815,18.39165167789852,85,0.7627441638875655,0.4411624583134826,0.3215817055740829,0.5588375416865173,0.19676036207717962,29.677966101694917,40.0,40.0,1.0,0.9547758335097574
540.0,1176.9236725437222,270.0704913713591,146.13512503756309,146.13512503756309,18.266890629695386,84,0.7637832699619772,0.44201520912547526,0.3217680608365019,0.5579847908745247,0.19629277566539924,29.677966101694917,40.0,40.0,1.0,0.9699427962797483
541.0,845.2227706423711,252.4882764424018,146.10138552661434,146.10138552661434,18.262673190826792,83,0.7637571157495257,0.44259962049335866,0.321157495256167,0.5574003795066413,0.19686907020872865,29.71325301204819,40.0,40.0,1.0,0.970493909903887
542.0,2416.4471817269878,468.9328823588283,146.33783089396013,146.3378308939601,18.292228861745013,85,0.7633443552196505,0.44355219650448746,0.319792158715163,0.5564478034955125,0.19650448748228624,29.728365384615383,40.0,40.0,1.0,0.9675111223640362
543.0,496.07117944369634,261.7838089542853,147.70399815460283,147.70399815460283,18.462999769325354,86,0.7632075471698113,0.44339622641509435,0.31981132075471697,0.5566037735849056,0.19622641509433963,29.728365384615383,40.0,40.0,1.0,0.9471147349641723
544.0,1085.7046092599815,142.68832007507064,148.3780119853641,148.3780119853641,18.547251498170514,87,0.7631826741996234,0.4439736346516008,0.3192090395480226,0.5560263653483992,0.1958568738229755,29.728365384615383,40.0,40.0,1.0,0.9394494756650921
545.0,430.3208311408347,364.4928137284704,148.3227953643937,148.3227953643937,18.540349420549212,85,0.7637388445279474,0.443400657585721,0.3203381869422264,0.556599342414279,0.19633630812588068,29.732057416267942,40.0,40.0,1.0,0.939795380824749
546.0,761.6746792646463,0.0,148.31064569822115,148.31064569822112,18.53883071227764,82,0.7651195499296765,0.4444444444444444,0.3206751054852321,0.5555555555555556,0.1964369432723863,29.73747016706444,40.0,40.0,1.0,0.9401101003139385
547.0,524.468579932728,362.67437796506425,148.31980411433995,148.31980411433995,18.539975514292493,82,0.7650912494150679,0.4445484323818437,0.3205428170332241,0.5554515676181563,0.1965372016846046,29.745238095238093,40.0,40.0,1.0,0.9403842464114878
548.0,435.7270690387791,320.7473602719187,148.92403755236768,148.92403755236762,18.615504694045953,79,0.7663551401869159,0.44485981308411215,0.32149532710280376,0.5551401869158878,0.19672897196261682,29.7458432304038,40.0,40.0,1.0,0.9357566755711141
549.0,1081.801970980788,466.6871593203764,150.1620830241357,150.16208302413568,18.77026037801696,78,0.7670083876980429,0.4450139794967381,0.32199440820130476,0.5549860205032618,0.1966449207828518,29.760663507109005,40.0,40.0,1.0,0.9232021159446586
550.0,668.9836192207922,189.42879442489863,151.54225864445596,151.54225864445596,18.942782330556994,78,0.7674418604651163,0.4451162790697674,0.32232558139534884,0.5548837209302325,0.19627906976744186,29.760663507109005,40.0,40.0,1.0,0.909295341788092
551.0,1428.3595506766724,1128.5951578387924,151.5288413139429,151.52884131394293,18.941105164242867,79,0.7676252319109462,0.4452690166975881,0.32235621521335805,0.5547309833024119,0.19573283858998144,29.760663507109005,40.0,40.0,1.0,0.9111747657013428
552.0,1134.3804473928726,127.86022967533583,151.25355712686255,151.25355712686257,18.906694640857822,77,0.7684113015284854,0.4455766558591941,0.3228346456692913,0.554423344140806,0.19592403890690135,29.78486997635934,40.0,40.0,1.0,0.9151444876933102
553.0,358.0017243360644,19.407434412218016,150.09523212014608,150.09523212014608,18.76190401501826,76,0.7682701202590194,0.44588344125809437,0.32238667900092505,0.5541165587419057,0.196577243293247,29.76705882352941,40.0,40.0,1.0,0.9308830008040121
554.0,1002.1029833823311,606.8670285107319,149.24931491712985,149.24931491712982,18.656164364641228,76,0.7674203968620212,0.445777572681126,0.32164282418089524,0.5542224273188741,0.1975080756806645,29.813084112149532,40.0,40.0,1.0,0.9422905229474486
555.0,706.7650259824395,370.32593595025395,149.1837275565603,149.18372755656034,18.647965944570043,79,0.7662218131615278,0.44546709618039576,0.32075471698113206,0.5545329038196042,0.19742291762540268,29.806526806526808,40.0,40.0,1.0,0.9440469579609162
556.0,1019.1116686044836,244.09122616459268,149.29439355043104,149.29439355043107,18.661799193803883,79,0.7667584940312213,0.4462809917355372,0.3204775022956841,0.5537190082644629,0.19696969696969696,29.806526806526808,40.0,40.0,1.0,0.9441905137677441
557.0,715.0350948302369,669.3139579411247,149.3926331003005,149.3926331003005,18.67407913753756,78,0.7671860678276811,0.4459211732355637,0.3212648945921173,0.5540788267644363,0.19706691109074242,29.802325581395348,40.0,40.0,1.0,0.9443718770966104
558.0,452.3451238839112,139.96123188712022,149.11972003007605,149.11972003007608,18.63996500375951,78,0.7675057208237986,0.4462242562929062,0.32128146453089246,0.5537757437070938,0.19679633867276888,29.802325581395348,40.0,40.0,1.0,0.9479945182616558
559.0,301.70742553393484,264.8304400323989,148.39983414578313,148.39983414578313,18.54997926822289,73,0.7690900777320531,0.4462734339277549,0.32281664380429814,0.5537265660722451,0.19753086419753085,29.82175925925926,40.0,40.0,1.0,0.9574081086440174
560.0,653.7919891675564,612.4859244144131,147.51559964930604,147.51559964930604,18.439449956163255,75,0.7685988133272479,0.4459151072569603,0.3226837060702875,0.5540848927430397,0.1971702418986764,29.82175925925926,40.0,40.0,1.0,0.9728514684785634
561.0,1224.4965454667154,522.8635229574732,147.43752269883103,147.43752269883106,18.429690337353883,78,0.7680763983628922,0.4461118690313779,0.3219645293315143,0.5538881309686221,0.19645293315143247,29.82175925925926,40.0,40.0,1.0,0.9749182305118261
562.0,653.3544789447222,119.02054704435866,148.1794964113771,148.1794964113771,18.522437051422138,78,0.7686025408348457,0.4469147005444646,0.3216878402903811,0.5530852994555354,0.19600725952813067,29.82175925925926,40.0,40.0,1.0,0.9638256361738623
563.0,487.67744664994603,227.51991135189905,149.5213360903072,149.52133609030716,18.690167011288395,78,0.7689170820117807,0.4472134118713185,0.32170367014046214,0.5527865881286814,0.1957408246488446,29.82175925925926,40.0,40.0,1.0,0.9458026680972439
564.0,936.7635220255936,562.1154147850848,150.02591588862498,150.025915888625,18.753239486078126,80,0.7680831826401446,0.44710669077757687,0.3209764918625678,0.5528933092224232,0.195750452079566,29.812933025404156,40.0,40.0,1.0,0.9408761790902195
565.0,115.17782705701683,0.0,150.07224729149368,150.07224729149365,18.759030911436707,80,0.7682926829268293,0.44760614272809396,0.3206865401987353,0.552393857271906,0.1955736224028907,29.812933025404156,40.0,40.0,1.0,0.9402187367598402
566.0,358.17968431490067,0.0,150.1113088033949,150.11130880339488,18.76391360042436,79,0.7690572846188543,0.44835363103292736,0.32070365358592695,0.5516463689670726,0.19530897609382047,29.812933025404156,40.0,40.0,1.0,0.9394624244853668
567.0,756.8739855153674,391.9218720035911,150.40966181339422,150.4096618133942,18.801207726674274,79,0.7695769576957696,0.4486948694869487,0.32088208820882086,0.5513051305130513,0.19486948694869488,29.812933025404156,40.0,40.0,1.0,0.9364323737225015
568.0,1279.7726637790192,0.0,150.95384809038634,150.95384809038634,18.869231011298293,77,0.7698876404494382,0.449438202247191,0.3204494382022472,0.550561797752809,0.19550561797752808,29.841379310344827,40.0,40.0,1.0,0.9314320579407857
569.0,1134.8183516468252,495.7240366620674,152.1746692106235,152.1746692106235,19.02183365132794,79,0.7696100403406544,0.4495741819811744,0.32003585835948006,0.5504258180188256,0.19497982967279248,29.841379310344827,40.0,40.0,1.0,0.9191035377821368
570.0,329.6025173045798,321.6025173045798,153.12568577535322,153.12568577535325,19.140710721919156,78,0.7698163905060457,0.4496193461710703,0.32019704433497537,0.5503806538289296,0.19525302283922974,29.857798165137616,40.0,40.0,1.0,0.9104513192785277
571.0,513.0956925015485,279.1943027122654,153.23877324105533,153.23877324105536,19.15484665513192,79,0.7696779964221825,0.4494633273703041,0.32021466905187834,0.5505366726296959,0.19499105545617174,29.857798165137616,40.0,40.0,1.0,0.9101652588348096
572.0,958.2542333424728,431.07501465626933,152.58755141851088,152.5875514185109,19.073443927313864,78,0.7706381079875055,0.4497991967871486,0.32083891120035696,0.5502008032128514,0.19455600178491744,29.857798165137616,40.0,40.0,1.0,0.9174045506605383
573.0,760.5302278139088,747.4063357794976,150.99695707811298,150.996957078113,18.874619634764127,79,0.7703604806408545,0.4490431686693369,0.3213173119715176,0.5509568313306631,0.19448153093012907,29.876430205949656,40.0,40.0,1.0,0.939594796039896
574.0,231.23805447897746,172.59485250913107,150.25358058647745,150.25358058647748,18.781697573309685,77,0.7711111111111111,0.4488888888888889,0.32222222222222224,0.5511111111111111,0.19466666666666665,29.863013698630137,40.0,40.0,1.0,0.9487743016908051
575.0,379.8367460592008,0.0,150.09817359332936,150.0981735933294,18.762271699166174,74,0.772202486678508,0.4493783303730018,0.3228241563055062,0.5506216696269982,0.19493783303730017,29.879271070615033,40.0,40.0,1.0,0.9509300179644845
576.0,381.148805738778,359.0607236994954,150.13854979998135,150.13854979998138,18.767318724997672,73,0.7724046140195209,0.44942324755989355,0.32298136645962733,0.5505767524401065,0.19520851818988466,29.879545454545454,40.0,40.0,1.0,0.9514547877424913
577.0,237.97749311896797,237.97749311896797,150.0052478468187,150.0052478468187,18.750655980852336,74,0.7721631205673759,0.44902482269503546,0.32313829787234044,0.5509751773049646,0.1950354609929078,29.879545454545454,40.0,40.0,1.0,0.9531837382113598
578.0,503.64552975682665,380.3326139165526,149.94210032068216,149.94210032068221,18.742762540085277,74,0.7723649247121346,0.44906997342781224,0.3232949512843224,0.5509300265721878,0.19486271036315322,29.879545454545454,40.0,40.0,1.0,0.9540331779127441
579.0,505.74751646580626,253.55391469762083,149.27536869467136,149.27536869467136,18.65942108683392,70,0.7744360902255639,0.44935869084475893,0.32507739938080493,0.550641309155241,0.19460415745245466,29.879545454545454,40.0,40.0,1.0,0.9615897611164668
580.0,395.3347304108315,260.74521891513547,149.40209802641226,149.40209802641226,18.675262253301533,69,0.7743929359823399,0.44944812362030906,0.32494481236203093,0.5505518763796909,0.19514348785871966,29.91628959276018,40.0,40.0,1.0,0.9602803523126617
581.0,755.268782020041,13.012513308256247,149.09763256311635,149.09763256311635,18.637204070389544,69,0.7745919717688575,0.4494927216585796,0.3250992501102779,0.5505072783414203,0.19497132774591971,29.91628959276018,40.0,40.0,1.0,0.9666139541007677
582.0,759.960883264461,759.960883264461,154.67893127351184,154.6789312735118,19.334866409188976,67,0.7748898678414097,0.4488986784140969,0.32599118942731276,0.5511013215859031,0.19559471365638767,29.89864864864865,40.0,40.0,1.0,0.976034555941258
583.0,665.2344403583893,398.65877047488476,151.0072988798467,151.0072988798467,18.875912359980838,69,0.774307083150022,0.44874615046194455,0.32556093268807745,0.5512538495380555,0.19533655961284646,29.89864864864865,40.0,40.0,1.0,0.9400184146431954
584.0,294.21378113034353,294.21378113034353,151.4762174304496,151.4762174304496,18.9345271788062,68,0.7744063324538258,0.44854881266490765,0.3258575197889182,0.5514511873350924,0.19569041336851364,29.921348314606742,40.0,40.0,1.0,0.9360961642113634
585.0,68.72103408818305,68.72103408818305,151.54106795181178,151.54106795181178,18.942633493976473,67,0.7746045694200352,0.44815465729349735,0.3264499121265378,0.5518453427065027,0.19595782073813708,29.923766816143498,40.0,40.0,1.0,0.9357164807719717
586.0,206.3773527154881,206.3773527154881,151.592021167061,151.59202116706098,18.949002645882622,68,0.7742643829600351,0.4479578392621871,0.32630654369784806,0.5520421607378129,0.19587176108915239,29.923766816143498,40.0,40.0,1.0,0.9352130721772319
587.0,246.49920401341473,46.04342987662217,151.57128323313492,151.57128323313495,18.94641040414187,67,0.7744624835454147,0.4480035103115402,0.3264589732338745,0.5519964896884598,0.1961386573058359,29.94407158836689,40.0,40.0,1.0,0.935024179691701
588.0,1571.8927405680597,1321.9937553996194,151.83696669477223,145.83300448566797,18.229125560708496,70,0.7729658792650919,0.44706911636045493,0.3258967629046369,0.552930883639545,0.19641294838145232,29.899777282850778,40.0,40.0,1.0,0.9321906640613705
589.0,329.7387799090054,329.7387799090054,156.43842078699322,156.4384207869932,19.55480259837415,70,0.7731643356643356,0.44667832167832167,0.326486013986014,0.5533216783216783,0.19624125874125875,29.899777282850778,40.0,40.0,1.0,0.9510790322379395
590.0,1295.1208338064366,503.53473985904793,156.23892475990854,156.23892475990854,19.529865594988568,72,0.7730836236933798,0.44686411149825783,0.32621951219512196,0.5531358885017421,0.1955574912891986,29.899777282850778,40.0,40.0,1.0,0.9512735008991698
591.0,432.6229466900199,405.613561803134,156.16583818699922,156.16583818699925,19.520729773374907,72,0.7733797303175294,0.44671596346237497,0.3266637668551544,0.553284036537625,0.19530230535015225,29.899777282850778,40.0,40.0,1.0,0.9510474910114016
592.0,27.490201884063282,27.490201884063282,156.78738937227482,156.7873893722748,19.59842367153435,72,0.7734782608695652,0.4465217391304348,0.3269565217391304,0.5534782608695652,0.19521739130434781,29.899777282850778,40.0,40.0,1.0,0.9438005561948418
593.0,1516.1453310706759,1516.1453310706759,157.5518515450125,157.55185154501248,19.69398144312656,76,0.7722342733188721,0.4455531453362256,0.3266811279826464,0.5544468546637744,0.1947939262472885,29.899777282850778,40.0,40.0,1.0,0.9365216603761661
594.0,1226.7610949572058,1059.5924857840519,158.23598555662218,158.23598555662218,19.779498194577773,75,0.772628843655262,0.4452143785188393,0.3274144651364227,0.5547856214811607,0.194889562581204,29.92222222222222,40.0,40.0,1.0,0.9300837746970751
595.0,744.9205660652118,112.71857345593536,157.22472165775662,157.2247216577566,19.653090207219574,75,0.772589710332901,0.4453091223519239,0.3272805879809771,0.5546908776480761,0.1949848681366191,29.880266075388025,40.0,40.0,1.0,0.9379055931761486
596.0,2913.582154713428,1696.493343388133,157.27413983084185,157.27413983084185,19.65926747885523,80,0.7709857942315971,0.44468359879466207,0.326302195436935,0.5553164012053379,0.19457597933706414,29.896017699115045,40.0,40.0,1.0,0.9364832425952394
597.0,282.437514792023,0.0,156.77980634689345,156.77980634689342,19.597475793361678,76,0.7725709372312983,0.4453998280309544,0.3271711092003439,0.5546001719690455,0.1947549441100602,29.88962472406181,40.0,40.0,1.0,0.9400091659713968
598.0,229.0112275954412,229.0112275954412,155.333973748623,155.33397374862304,19.41674671857788,77,0.7723367697594502,0.44501718213058417,0.327319587628866,0.5549828178694158,0.19458762886597938,29.88962472406181,40.0,40.0,1.0,0.9572002864804919
599.0,1007.6763561465809,670.1297160647797,154.13935281749914,154.13935281749917,19.267419102187397,79,0.7716366752356469,0.44473007712082263,0.3269065981148243,0.5552699228791774,0.194515852613539,29.909691629955947,40.0,40.0,1.0,0.9684337084168231
