time,offered_load_mbps,accepted_load_mbps,capacity_sum_mbps,goodput_sum_mbps,served_step_mb,queue_sum,blocked_rate,blocked_queue_cap_rate,blocked_timeout_rate,acceptance_rate,service_rate,mean_served_delay_s,p95_served_delay_s,mean_timeout_delay_s,utilization,fairness
0.0,812.302415951674,812.302415951674,119.6502428820987,119.6502428820987,14.956280360262337,6,0.0,0.0,0.0,1.0,0.0,0.0,0.0,0.0,0.9375,0.9787275707434008
1.0,21.290989003551957,21.290989003551957,129.2757024785906,128.3449799129459,16.043122489118236,6,0.0,0.0,0.0,1.0,0.14285714285714285,2.0,2.0,0.0,1.0,0.9560616728894149
2.0,715.0111802581056,715.0111802581056,130.12792539929094,116.14212024254502,14.517765030318127,9,0.0,0.0,0.0,1.0,0.18181818181818182,2.0,2.0,0.0,1.0,0.9539572045167451
3.0,886.8273647310127,886.8273647310127,121.02561391927814,121.02561391927816,15.12820173990977,13,0.0,0.0,0.0,1.0,0.1875,2.6666666666666665,4.0,0.0,1.0,0.9402534519214842
4.0,1330.317589203043,1330.317589203043,111.85608437087669,111.85608437087669,13.982010546359586,19,0.0,0.0,0.0,1.0,0.17391304347826086,3.25,5.0,0.0,1.0,0.9522598250296019
5.0,848.9943962560267,848.9943962560267,112.11863606790348,112.11863606790348,14.014829508487935,24,0.0,0.0,0.0,1.0,0.14285714285714285,3.25,5.0,0.0,1.0,0.9482248531182935
6.0,575.483529000707,575.483529000707,114.34423257284907,114.34423257284905,14.293029071606131,28,0.0,0.0,0.0,1.0,0.15151515151515152,3.2,5.0,0.0,1.0,0.911207735776085
7.0,526.0841768918979,526.0841768918979,109.83993053285533,109.8399305328553,13.729991316606913,31,0.0,0.0,0.0,1.0,0.1388888888888889,3.2,5.0,0.0,1.0,0.9251939567490278
8.0,937.0312925924603,937.0312925924603,103.88879778790584,103.88879778790582,12.986099723488227,34,0.0,0.0,0.0,1.0,0.1282051282051282,3.2,5.0,0.0,1.0,0.9658529457560603
9.0,768.2038449709936,740.4885628278264,102.86793781473489,102.86793781473486,12.858492226841857,36,0.023255813953488372,0.023255813953488372,0.0,0.9767441860465116,0.13953488372093023,4.0,8.0,0.0,1.0,0.9449913323117257
10.0,858.4002437268691,858.4002437268691,103.48747170807397,99.50304062343598,12.437880077929497,39,0.02127659574468085,0.02127659574468085,0.0,0.9787234042553191,0.14893617021276595,4.428571428571429,8.0,0.0,1.0,0.9392080572259425
11.0,1109.3408938256919,901.499757235061,104.14515887399031,104.14515887399028,13.018144859248785,42,0.0392156862745098,0.0392156862745098,0.0,0.9607843137254902,0.13725490196078433,4.428571428571429,8.0,0.0,1.0,0.9190012702136433
12.0,59.04333694008927,59.04333694008927,103.35605844944014,103.35605844944013,12.919507306180016,43,0.03773584905660377,0.03773584905660377,0.0,0.9622641509433962,0.1509433962264151,5.125,10.0,0.0,1.0,0.9282025412142646
13.0,909.2654378350007,701.3054058521982,100.13925517240853,100.13925517240853,12.517406896551066,48,0.05084745762711865,0.05084745762711865,0.0,0.9491525423728814,0.13559322033898305,5.125,10.0,0.0,1.0,0.899574456550223
14.0,1845.7863533478858,1762.528015802544,100.80236244546103,100.80236244546104,12.60029530568263,55,0.05970149253731343,0.05970149253731343,0.0,0.9402985074626866,0.11940298507462686,5.125,10.0,0.0,1.0,0.8943853712431051
15.0,286.2613643888051,278.2613643888051,100.86468784288338,100.8646878428834,12.608085980360425,55,0.07246376811594203,0.07246376811594203,0.0,0.927536231884058,0.13043478260869565,5.555555555555555,10.0,0.0,1.0,0.8949293707484189
16.0,366.92297879217443,304.5545285725083,102.0196583520747,102.0196583520747,12.752457294009337,56,0.08333333333333333,0.08333333333333333,0.0,0.9166666666666666,0.1388888888888889,6.2,12.0,0.0,1.0,0.8831972619757846
17.0,358.57485323352205,45.619135105539236,102.10046950968663,102.10046950968665,12.76255868871083,56,0.10666666666666667,0.10666666666666667,0.0,0.8933333333333333,0.14666666666666667,7.2727272727272725,18.0,0.0,1.0,0.8832334116015136
18.0,12.756097196728195,12.756097196728195,101.00464660256048,101.00464660256047,12.625580825320059,57,0.10526315789473684,0.10526315789473684,0.0,0.8947368421052632,0.14473684210526316,7.2727272727272725,18.0,0.0,1.0,0.896641775907365
19.0,133.764927064473,89.5320430896559,101.03365123177727,101.03365123177727,12.629206403972159,57,0.1125,0.1125,0.0,0.8875,0.175,8.571428571428571,18.0,0.0,1.0,0.8972387984935115
20.0,819.0080359673294,521.7766979277582,101.88544711311249,101.88544711311249,12.735680889139061,56,0.14457831325301204,0.12048192771084337,0.024096385542168676,0.8795180722891566,0.18072289156626506,9.133333333333333,18.0,20.0,1.0,0.8864342621971905
21.0,1648.676779259301,1557.9522540357514,101.89622615753906,101.89622615753908,12.737028269692384,61,0.14444444444444443,0.12222222222222222,0.022222222222222223,0.8777777777777778,0.17777777777777778,9.625,18.0,20.0,1.0,0.8867529795665693
22.0,94.1885758203467,94.1885758203467,100.57172767721768,100.57172767721768,12.57146595965221,60,0.16483516483516483,0.12087912087912088,0.04395604395604396,0.8791208791208791,0.17582417582417584,9.625,18.0,20.0,1.0,0.9036975436187301
23.0,791.3646043485414,791.3646043485414,100.58925431438844,100.58925431438844,12.573656789298555,59,0.2,0.11578947368421053,0.08421052631578947,0.8842105263157894,0.17894736842105263,10.117647058823529,18.0,20.0,1.0,0.9035338893887247
24.0,669.22738650733,669.22738650733,101.1574905662989,101.1574905662989,12.644686320787363,57,0.23469387755102042,0.11224489795918367,0.12244897959183673,0.8877551020408163,0.1836734693877551,10.222222222222221,18.0,20.0,1.0,0.8980308384067595
25.0,308.48597701587244,293.973291759724,101.20195010970235,98.80163983226788,12.350204979033485,54,0.26732673267326734,0.1188118811881188,0.1485148514851485,0.8811881188118812,0.19801980198019803,10.15,18.0,20.0,1.0,0.8972647893856035
26.0,566.5437784194952,566.5437784194952,102.80183835119975,102.80183835119973,12.850229793899967,53,0.2912621359223301,0.11650485436893204,0.17475728155339806,0.883495145631068,0.1941747572815534,10.15,18.0,20.0,1.0,0.9016917218057965
27.0,1154.3275472954444,1065.6307174426172,102.2816112443696,102.2816112443696,12.7852014055462,54,0.308411214953271,0.12149532710280374,0.18691588785046728,0.8785046728971962,0.18691588785046728,10.15,18.0,20.0,1.0,0.9057698370643373
28.0,397.2270686395602,306.0189028192798,100.73249604226639,100.73249604226639,12.591562005283299,52,0.34234234234234234,0.13513513513513514,0.2072072072072072,0.8648648648648649,0.1891891891891892,10.571428571428571,18.0,20.0,1.0,0.9005380797570289
29.0,1165.3190081049547,860.6496193262554,100.79963711283396,100.79963711283398,12.599954639104247,51,0.3739130434782609,0.14782608695652175,0.22608695652173913,0.8521739130434782,0.1826086956521739,10.571428571428571,18.0,20.0,1.0,0.900313835347362
30.0,1578.2438448490395,988.3369658963243,100.78231985732447,100.78231985732448,12.59778998216556,54,0.38524590163934425,0.14754098360655737,0.23770491803278687,0.8524590163934426,0.1721311475409836,10.571428571428571,18.0,20.0,1.0,0.9005969159026357
31.0,457.5159128053775,0.0,100.86300380325804,100.86300380325802,12.607875475407253,51,0.424,0.168,0.256,0.832,0.168,10.571428571428571,18.0,20.0,1.0,0.900048422656116
32.0,249.3237668412655,249.3237668412655,101.08867971711068,101.08867971711068,12.636084964638835,51,0.421875,0.1640625,0.2578125,0.8359375,0.1796875,11.304347826086957,19.0,20.0,1.0,0.8983084596028524
33.0,1076.54997015645,1076.54997015645,102.13086900508242,102.13086900508246,12.766358625635307,51,0.4393939393939394,0.1590909090909091,0.2803030303030303,0.8409090909090909,0.17424242424242425,11.304347826086957,19.0,20.0,1.0,0.8875521307463166
34.0,354.64742314607366,354.64742314607366,101.01030888060157,101.01030888060156,12.626288610075195,50,0.45925925925925926,0.15555555555555556,0.3037037037037037,0.8444444444444444,0.17037037037037037,11.304347826086957,19.0,20.0,1.0,0.899308204815924
35.0,837.9963130776734,837.9963130776734,100.12671717712506,100.12671717712506,12.515839647140632,53,0.45,0.15,0.3,0.85,0.17142857142857143,11.583333333333334,19.0,20.0,1.0,0.9099316246593748
36.0,92.47554641248885,92.47554641248885,100.86947641056284,100.86947641056285,12.608684551320357,53,0.45774647887323944,0.14788732394366197,0.30985915492957744,0.852112676056338,0.16901408450704225,11.583333333333334,19.0,20.0,1.0,0.9030190888249406
37.0,1564.6382563232326,1564.6382563232326,100.7733229788216,100.77332297882158,12.596665372352698,57,0.4489795918367347,0.14285714285714285,0.30612244897959184,0.8571428571428571,0.16326530612244897,11.583333333333334,19.0,20.0,1.0,0.9051353946451048
38.0,524.7381379329319,376.38932181948496,101.69988184153556,101.69988184153556,12.712485230191945,60,0.44370860927152317,0.1456953642384106,0.2980132450331126,0.8543046357615894,0.15894039735099338,11.583333333333334,19.0,20.0,1.0,0.8952643560816671
39.0,855.5638478093762,668.0122627897854,103.30989303282546,103.30989303282546,12.913736629103182,63,0.445859872611465,0.1464968152866242,0.29936305732484075,0.8535031847133758,0.15286624203821655,11.583333333333334,19.0,20.0,1.0,0.9333359510595278
40.0,1613.3637533708127,572.940274689297,103.30096948744855,103.30096948744854,12.912621185931068,66,0.45121951219512196,0.1524390243902439,0.29878048780487804,0.8475609756097561,0.14634146341463414,11.583333333333334,19.0,20.0,1.0,0.9342049395039467
41.0,583.9705501080376,112.97417140173289,104.95742413547221,104.95742413547221,13.119678016934026,62,0.48502994011976047,0.15568862275449102,0.32934131736526945,0.844311377245509,0.1437125748502994,11.583333333333334,19.0,20.0,1.0,0.9178993894733333
42.0,974.1540767579042,736.9137112170328,104.1582693412991,104.15826934129909,13.019783667662386,66,0.4797687861271676,0.15606936416184972,0.3236994219653179,0.8439306358381503,0.13872832369942195,11.583333333333334,19.0,20.0,1.0,0.925756177684277
43.0,912.9004049465741,366.440749353234,103.56833175434792,103.56833175434791,12.946041469293489,65,0.5,0.16292134831460675,0.33707865168539325,0.8370786516853933,0.1348314606741573,11.583333333333334,19.0,20.0,1.0,0.9355303083057385
44.0,1647.3641097709074,1383.8351786177504,104.20958476105531,104.20958476105531,13.026198095131914,66,0.5081967213114754,0.16393442622950818,0.3442622950819672,0.8360655737704918,0.13114754098360656,11.583333333333334,19.0,20.0,1.0,0.9261456518178742
45.0,296.43830622726045,296.43830622726045,104.06572601684852,104.0657260168485,13.008215752106063,65,0.5135135135135135,0.16216216216216217,0.35135135135135137,0.8378378378378378,0.13513513513513514,11.68,19.0,20.0,1.0,0.9280897620983823
46.0,692.6200520525748,692.6200520525748,104.02724795091488,104.02724795091486,13.003405993864357,68,0.5078534031413613,0.15706806282722513,0.3507853403141361,0.8429319371727748,0.13612565445026178,11.73076923076923,19.0,20.0,1.0,0.9284548613830964
47.0,720.6218453579922,720.6218453579922,103.97658595586815,103.97658595586813,12.997073244483516,68,0.5154639175257731,0.15463917525773196,0.36082474226804123,0.845360824742268,0.13402061855670103,11.73076923076923,19.0,20.0,1.0,0.9287209067756939
48.0,2307.3947360170396,1833.3671989332688,104.35953525401064,104.35953525401064,13.04494190675133,70,0.5221674876847291,0.16748768472906403,0.35467980295566504,0.8325123152709359,0.1330049261083744,11.74074074074074,19.0,20.0,1.0,0.923928892667527
49.0,52.336941560916216,52.336941560916216,104.2039625402732,104.20396254027318,13.025495317534148,70,0.526829268292683,0.16585365853658537,0.36097560975609755,0.8341463414634146,0.13170731707317074,11.74074074074074,19.0,20.0,1.0,0.9168778306845973
50.0,1434.21974621856,925.9359205313349,106.91642752175706,106.91642752175706,13.364553440219632,66,0.5571428571428572,0.1761904761904762,0.38095238095238093,0.8238095238095238,0.12857142857142856,11.74074074074074,19.0,20.0,1.0,0.9390738692282886
51.0,404.427412446006,396.427412446006,106.85591754266541,106.85591754266541,13.356989692833176,68,0.5539906103286385,0.1784037558685446,0.3755868544600939,0.8215962441314554,0.1267605633802817,11.74074074074074,19.0,20.0,1.0,0.9381806935147855
52.0,516.4895064192309,508.4895064192309,106.81852167071047,106.81852167071048,13.35231520883881,69,0.5576036866359447,0.17972350230414746,0.3778801843317972,0.8202764976958525,0.12442396313364056,11.74074074074074,19.0,20.0,1.0,0.9371845362546998
53.0,496.5517889756061,370.4352426317304,106.76823710657061,106.76823710657061,13.346029638321326,68,0.5720720720720721,0.18468468468468469,0.38738738738738737,0.8153153153153153,0.12162162162162163,11.74074074074074,19.0,20.0,1.0,0.9360999525731489
54.0,1209.4444570601572,854.4805027043212,103.91593827691601,103.91593827691601,12.989492284614501,70,0.5720524017467249,0.18777292576419213,0.38427947598253276,0.8122270742358079,0.1222707423580786,12.035714285714286,19.0,20.0,1.0,0.9254450626375545
55.0,273.1615125187312,207.12036048892338,104.65316538151797,104.65316538151798,13.081645672689747,67,0.5887445887445888,0.19047619047619047,0.39826839826839827,0.8095238095238095,0.12121212121212122,12.035714285714286,19.0,20.0,1.0,0.9179181848057608
56.0,285.02884391081176,273.601831326178,102.18126233717352,102.18126233717355,12.772657792146694,68,0.5914893617021276,0.19148936170212766,0.4,0.8085106382978723,0.11914893617021277,12.035714285714286,19.0,20.0,1.0,0.8876607064139188
57.0,38.19992896599905,38.19992896599905,101.1294241713542,101.1294241713542,12.641178021419275,66,0.6033755274261603,0.189873417721519,0.41350210970464135,0.810126582278481,0.11814345991561181,12.035714285714286,19.0,20.0,1.0,0.8983431676888559
58.0,2397.876355011522,1876.9170811091055,100.11286949441916,100.11286949441916,12.514108686802395,68,0.6048387096774194,0.1975806451612903,0.40725806451612906,0.8024193548387096,0.12096774193548387,12.433333333333334,19.0,20.0,1.0,0.9095680175741507
59.0,70.4191540935513,70.4191540935513,99.97241003725597,99.97241003725597,12.496551254656996,63,0.6224899598393574,0.19678714859437751,0.42570281124497994,0.8032128514056225,0.12449799196787148,12.612903225806452,19.0,20.0,1.0,0.9110153439572944
60.0,939.6083418011107,634.2489851208537,99.90039760373774,99.90039760373776,12.48754970046722,61,0.6313725490196078,0.19607843137254902,0.43529411764705883,0.803921568627451,0.12941176470588237,12.757575757575758,19.0,20.0,1.0,0.911801935745863
61.0,1489.4698004275062,1481.4698004275062,100.40801740735925,100.40801740735927,12.551002175919908,66,0.6183206106870229,0.1946564885496183,0.42366412213740456,0.8053435114503816,0.1297709923664122,12.970588235294118,19.0,20.0,1.0,0.9055966664253217
62.0,224.5814520151103,194.6508364940155,100.10246482418489,100.1024648241849,12.512808103023113,65,0.6264150943396226,0.19622641509433963,0.43018867924528303,0.8037735849056604,0.12830188679245283,12.970588235294118,19.0,20.0,1.0,0.9082985653002642
63.0,1186.5787105296688,932.2055033898654,99.98875430824216,99.98875430824218,12.498594288530272,69,0.6227106227106227,0.1978021978021978,0.4249084249084249,0.8021978021978022,0.12454212454212454,12.970588235294118,19.0,20.0,1.0,0.9099085817453991
64.0,340.31047002570773,340.31047002570773,98.9837928122098,98.98379281220981,12.372974101526227,67,0.6327272727272727,0.19636363636363635,0.43636363636363634,0.8036363636363636,0.12363636363636364,12.970588235294118,19.0,20.0,1.0,0.9230486849023166
65.0,94.60061978147502,94.60061978147502,100.01712679633292,100.01712679633293,12.502140849541616,67,0.6353790613718412,0.19494584837545126,0.4404332129963899,0.8050541516245487,0.12274368231046931,12.970588235294118,19.0,20.0,1.0,0.9098504589791829
66.0,1744.8140883727272,1744.8140883727272,103.25322454026634,103.25322454026634,12.906653067533293,67,0.6431095406360424,0.19081272084805653,0.45229681978798586,0.8091872791519434,0.12014134275618374,12.970588235294118,19.0,20.0,1.0,0.9308076244101808
67.0,960.7321024189646,596.9209330472579,104.4947938666852,104.49479386668521,13.061849233335652,65,0.6515679442508711,0.1951219512195122,0.4564459930313589,0.8048780487804879,0.12195121951219512,13.028571428571428,19.0,20.0,1.0,0.9170570343148103
68.0,1288.366645824234,1288.366645824234,104.45269506580439,104.4526950658044,13.05658688322555,64,0.6575342465753424,0.1917808219178082,0.4657534246575342,0.8082191780821918,0.1232876712328767,13.083333333333334,19.0,20.0,1.0,0.9172261315161995
69.0,772.062718276202,365.91884620295326,104.40220770742866,104.40220770742866,13.050275963428582,64,0.6610169491525424,0.19661016949152543,0.46440677966101696,0.8033898305084746,0.12203389830508475,13.083333333333334,19.0,20.0,1.0,0.9173530074679758
70.0,1479.5995151249188,1479.5995151249188,104.34312854851126,104.34312854851126,13.042891068563907,68,0.654485049833887,0.19269102990033224,0.46179401993355484,0.8073089700996677,0.11960132890365449,13.083333333333334,19.0,20.0,1.0,0.9174453323000579
71.0,1358.505616797005,941.4750872486031,101.89232141548864,101.89232141548865,12.736540176936082,69,0.6525974025974026,0.19480519480519481,0.4577922077922078,0.8051948051948052,0.12337662337662338,13.131578947368421,19.0,20.0,1.0,0.8858606497793757
72.0,1356.144019985668,1356.144019985668,101.81541288919126,101.81541288919128,12.72692661114891,72,0.6496815286624203,0.1910828025477707,0.4585987261146497,0.8089171974522293,0.12101910828025478,13.131578947368421,19.0,20.0,1.0,0.8859707793561142
73.0,66.99907629014128,14.802996755804998,101.729797475958,101.72979747595801,12.716224684494751,70,0.6550632911392406,0.1930379746835443,0.4620253164556962,0.8069620253164557,0.12341772151898735,13.307692307692308,20.0,20.0,1.0,0.8860727959154908
74.0,557.1777757765808,557.1777757765808,101.63582946489147,101.63582946489147,12.704478683111434,67,0.660377358490566,0.1918238993710692,0.46855345911949686,0.8081761006289309,0.1289308176100629,13.439024390243903,20.0,20.0,1.0,0.8861703619436707
75.0,618.4789422133567,563.5480380874665,101.53410096057296,101.53410096057297,12.691762620071621,65,0.6625,0.19375,0.46875,0.80625,0.134375,13.581395348837209,20.0,20.0,1.0,0.8862650198385661
76.0,1315.9468391454427,1315.9468391454427,101.2258750769176,101.2258750769176,12.6532343846147,69,0.6524390243902439,0.18902439024390244,0.4634146341463415,0.8109756097560976,0.13719512195121952,13.866666666666667,20.0,20.0,1.0,0.8877919417550686
77.0,294.2981322571145,294.2981322571145,101.14373401098646,101.14373401098649,12.642966751373311,71,0.6484848484848484,0.18787878787878787,0.46060606060606063,0.8121212121212121,0.13636363636363635,13.866666666666667,20.0,20.0,1.0,0.887625073208028
78.0,146.24161035886593,138.24161035886593,100.43683625084198,100.43683625084198,12.554604531355247,66,0.6626506024096386,0.1897590361445783,0.47289156626506024,0.8102409638554217,0.13855421686746988,13.804347826086957,20.0,20.0,1.0,0.8932611799938757
79.0,1015.9921201311254,725.2879289150992,100.41634812625615,100.41634812625614,12.552043515782017,69,0.6607669616519174,0.19469026548672566,0.46607669616519176,0.8053097345132744,0.13569321533923304,13.804347826086957,20.0,20.0,1.0,0.8927584559390791
80.0,113.91921230597984,113.91921230597984,100.25732706239816,100.25732706239818,12.532165882799772,67,0.6676470588235294,0.19411764705882353,0.47352941176470587,0.8058823529411765,0.13529411764705881,13.804347826086957,20.0,20.0,1.0,0.8932572763822672
81.0,630.8021484842767,370.6267929428276,100.09538851277084,100.09538851277084,12.511923564096355,62,0.6802325581395349,0.19767441860465115,0.48255813953488375,0.8023255813953488,0.13953488372093023,13.979166666666666,20.0,20.0,1.0,0.8937620122497737
82.0,1295.1019406230498,1295.1019406230498,99.9310198823795,99.93101988237949,12.491377485297436,70,0.6657223796033994,0.19263456090651557,0.4730878186968839,0.8073654390934845,0.1359773371104816,13.979166666666666,20.0,20.0,1.0,0.8942737735173911
83.0,345.950359944704,345.950359944704,99.79217530320199,99.79217530320197,12.474021912900247,64,0.6807909604519774,0.192090395480226,0.4887005649717514,0.807909604519774,0.1384180790960452,14.081632653061224,20.0,20.0,1.0,0.8948309493702671
84.0,940.2785327139009,783.3334875038863,99.72150431440883,99.72150431440886,12.465188039301108,66,0.6796657381615598,0.19220055710306408,0.48746518105849584,0.807799442896936,0.13649025069637882,14.081632653061224,20.0,20.0,1.0,0.8954911525199265
85.0,1092.5943372865443,1092.5943372865443,98.2373172686416,98.2373172686416,12.2796646585802,72,0.6693989071038251,0.1885245901639344,0.4808743169398907,0.8114754098360656,0.13387978142076504,14.081632653061224,20.0,20.0,1.0,0.9169763483904924
86.0,95.71150909156259,95.71150909156259,98.19908794922875,98.19908794922875,12.274885993653594,69,0.6793478260869565,0.1875,0.49184782608695654,0.8125,0.1331521739130435,14.081632653061224,20.0,20.0,1.0,0.917921604141603
87.0,264.45576443981827,97.65408581131959,99.5928283805301,99.5928283805301,12.449103547566262,69,0.6827956989247311,0.19086021505376344,0.49193548387096775,0.8091397849462365,0.13172043010752688,14.081632653061224,20.0,20.0,1.0,0.8976699004219829
88.0,335.4226722225608,101.06285448591753,98.48611118354421,98.48611118354422,12.310763897943028,66,0.6933333333333334,0.19466666666666665,0.49866666666666665,0.8053333333333333,0.13066666666666665,14.081632653061224,20.0,20.0,1.0,0.9120466896664973
89.0,1091.5646570512286,1091.5646570512286,99.10721771193025,99.10721771193023,12.388402213991279,69,0.6868421052631579,0.19210526315789472,0.49473684210526314,0.8078947368421052,0.13157894736842105,14.16,20.0,20.0,1.0,0.9053345940106408
90.0,149.88676796859818,149.88676796859818,98.91890827291628,98.9189082729163,12.364863534114537,66,0.6971279373368147,0.1906005221932115,0.5065274151436031,0.8093994778067886,0.13054830287206268,14.16,20.0,20.0,1.0,0.9069730729254348
91.0,27.110349801088333,27.110349801088333,97.85549563133199,97.85549563133199,12.231936953916499,60,0.7083333333333334,0.19010416666666666,0.5182291666666666,0.8098958333333334,0.13541666666666666,14.115384615384615,20.0,20.0,1.0,0.923335263243727
92.0,1339.0231902751377,1282.619787189491,98.79206681277658,98.79206681277658,12.349008351597073,59,0.7128205128205128,0.18974358974358974,0.5230769230769231,0.8102564102564103,0.1358974358974359,14.169811320754716,20.0,20.0,1.0,0.9110221434752859
93.0,365.11302280161624,121.57850726768547,99.09162317481878,99.09162317481876,12.386452896852346,59,0.712468193384224,0.19083969465648856,0.5216284987277354,0.8091603053435115,0.13740458015267176,14.12962962962963,20.0,20.0,1.0,0.905386794108182
94.0,642.713134886574,642.713134886574,100.5505556263304,100.5505556263304,12.5688194532913,60,0.7103274559193955,0.1889168765743073,0.5214105793450882,0.8110831234256927,0.1385390428211587,14.163636363636364,20.0,20.0,1.0,0.8869068576167319
95.0,322.40004530648656,59.89485477347282,103.79221412592612,103.79221412592611,12.974026765740764,60,0.71,0.19,0.52,0.81,0.14,14.160714285714286,20.0,20.0,1.0,0.9164171341258578
96.0,1056.6325545999387,919.5839956054543,103.60690545563537,103.60690545563536,12.95086318195442,58,0.7192118226600985,0.1921182266009852,0.5270935960591133,0.8078817733990148,0.13793103448275862,14.160714285714286,20.0,20.0,1.0,0.9538061744497465
97.0,710.3451600326346,710.3451600326346,104.2456601717569,104.24566017175688,13.03070752146961,59,0.7188264058679706,0.19070904645476772,0.5281173594132029,0.8092909535452323,0.13691931540342298,14.160714285714286,20.0,20.0,1.0,0.9489823744783422
98.0,433.9490509210849,290.87554869321247,104.31043701350072,104.3104370135007,13.038804626687588,60,0.7184466019417476,0.19174757281553398,0.5266990291262136,0.808252427184466,0.13592233009708737,14.160714285714286,20.0,20.0,1.0,0.949406156749428
99.0,509.1454373277621,302.52547636984934,104.39978683443144,104.39978683443144,13.04997335430393,60,0.7218225419664268,0.19424460431654678,0.5275779376498801,0.8057553956834532,0.1342925659472422,14.160714285714286,20.0,20.0,1.0,0.9499025272256009
100.0,407.8283780557752,193.0929936352009,104.48576108422773,104.48576108422773,13.060720135528467,61,0.7220902612826603,0.19714964370546317,0.5249406175771971,0.8028503562945368,0.1330166270783848,14.160714285714286,20.0,20.0,1.0,0.950390610521005
101.0,202.014913662423,202.014913662423,104.70276214185954,104.70276214185952,13.08784526773244,59,0.7251184834123223,0.1966824644549763,0.5284360189573459,0.8033175355450237,0.13507109004739337,14.175438596491228,20.0,20.0,1.0,0.9494038859846337
102.0,258.74886155023876,250.74886155023873,104.7885243759121,104.7885243759121,13.098565546989013,52,0.7382075471698113,0.19811320754716982,0.5400943396226415,0.8018867924528302,0.1391509433962264,14.305084745762711,20.0,20.0,1.0,0.9497830743640768
103.0,892.5322614661542,856.0442726901994,102.17455730597308,102.17455730597308,12.771819663246635,58,0.7291666666666666,0.19675925925925927,0.5324074074074074,0.8032407407407407,0.13657407407407407,14.305084745762711,20.0,20.0,1.0,0.9219958592917085
104.0,2880.035047757872,2072.1687749990015,101.05752527519617,101.0575252751962,12.632190659399525,58,0.7295454545454545,0.2,0.5295454545454545,0.8,0.13863636363636364,14.245901639344263,20.0,20.0,1.0,0.889650689131133
105.0,394.1511044626915,394.1511044626915,105.08319782669528,105.08319782669527,13.135399728336909,54,0.7404063205417607,0.1986455981941309,0.5417607223476298,0.801354401805869,0.13769751693002258,14.245901639344263,20.0,20.0,1.0,0.9494045553611155
106.0,939.8481107752016,939.8481107752016,104.72650239398985,104.72650239398983,13.090812799248729,56,0.7376681614349776,0.19730941704035873,0.5403587443946188,0.8026905829596412,0.1367713004484305,14.245901639344263,20.0,20.0,1.0,0.9521513814745506
107.0,801.6165319696911,801.6165319696911,101.70628756654057,101.70628756654058,12.713285945817573,56,0.7333333333333333,0.19555555555555557,0.5377777777777778,0.8044444444444444,0.14222222222222222,14.34375,20.0,20.0,1.0,0.9218090273860783
108.0,241.57160513781957,241.57160513781957,99.97063801907794,99.97063801907797,12.496329752384746,57,0.7306843267108167,0.19426048565121412,0.5364238410596026,0.8057395143487859,0.1434878587196468,14.4,20.0,20.0,1.0,0.9039966570081562
109.0,137.44809012165967,137.44809012165967,99.50166151770235,99.50166151770235,12.437707689712793,57,0.7336244541484717,0.19213973799126638,0.5414847161572053,0.8078602620087336,0.14192139737991266,14.4,20.0,20.0,1.0,0.9126269669055425
110.0,267.28089272927787,267.28089272927787,99.55850115300893,99.55850115300895,12.444812644126118,58,0.7326086956521739,0.19130434782608696,0.5413043478260869,0.808695652173913,0.14130434782608695,14.4,20.0,20.0,1.0,0.9126772974435343
111.0,1332.5024672494847,1264.2241356903685,99.62759675289821,99.62759675289823,12.453449594112278,64,0.7237687366167024,0.1905781584582441,0.5331905781584583,0.8094218415417559,0.139186295503212,14.4,20.0,20.0,1.0,0.9125283405055217
112.0,556.5600614135158,321.114898348112,102.09533993717568,102.09533993717567,12.761917492146958,62,0.7297872340425532,0.19148936170212766,0.5382978723404256,0.8085106382978723,0.13829787234042554,14.4,20.0,20.0,1.0,0.9128370614489714
113.0,324.78849559351954,289.3762329487829,102.0585077372382,102.05850773723819,12.757313467154773,63,0.729957805907173,0.1940928270042194,0.5358649789029536,0.8059071729957806,0.1371308016877637,14.4,20.0,20.0,1.0,0.9128687274510527
114.0,222.71529152900052,222.71529152900052,102.37243166623372,102.37243166623372,12.796553958279215,60,0.7352941176470589,0.19327731092436976,0.542016806722689,0.8067226890756303,0.13865546218487396,14.287878787878787,20.0,20.0,1.0,0.9095626444445024
115.0,845.336471484866,788.430656272459,102.30645338239468,102.3064533823947,12.788306672799337,62,0.7333333333333333,0.19375,0.5395833333333333,0.80625,0.1375,14.287878787878787,20.0,20.0,1.0,0.909813600382544
116.0,998.4109379269827,998.4109379269827,100.51389100579604,100.51389100579605,12.564236375724507,64,0.7325102880658436,0.19135802469135801,0.5411522633744856,0.808641975308642,0.13580246913580246,14.287878787878787,20.0,20.0,1.0,0.9339710392662549
117.0,364.5094492367008,364.5094492367008,97.7935936419572,97.79359364195722,12.224199205244652,62,0.735655737704918,0.19057377049180327,0.5450819672131147,0.8094262295081968,0.13729508196721313,14.373134328358208,20.0,20.0,1.0,0.9442071412728624
118.0,874.0474971962167,486.01640304008646,97.84586818702547,97.8458681870255,12.230733523378188,64,0.733739837398374,0.1910569105691057,0.5426829268292683,0.8089430894308943,0.13617886178861788,14.373134328358208,20.0,20.0,1.0,0.9436330947062527
119.0,626.8064448458327,458.83205190284366,98.95721817571264,98.95721817571264,12.36965227196408,63,0.7364185110663984,0.193158953722334,0.5432595573440644,0.806841046277666,0.13682092555331993,14.323529411764707,20.0,20.0,1.0,0.9289275115200532
120.0,0.0,0.0,99.05057787927029,99.05057787927029,12.381322234908787,61,0.7404426559356136,0.193158953722334,0.5472837022132797,0.806841046277666,0.13682092555331993,14.323529411764707,20.0,20.0,1.0,0.9286800227172511
121.0,979.5522827699249,979.5522827699249,99.16889923534666,99.16889923534667,12.396112404418334,64,0.7365269461077845,0.19161676646706588,0.5449101796407185,0.8083832335329342,0.13572854291417166,14.323529411764707,20.0,20.0,1.0,0.927771257783453
122.0,1733.723679569047,905.7443896727414,99.1215672609508,99.12156726095081,12.390195907618851,65,0.734251968503937,0.19488188976377951,0.5393700787401575,0.8051181102362205,0.1377952755905512,14.457142857142857,20.0,20.0,1.0,0.9282401482233473
123.0,227.37497698996975,227.37497698996975,100.932588813077,100.932588813077,12.616573601634625,61,0.7416829745596869,0.19373776908023482,0.547945205479452,0.8062622309197651,0.13894324853228962,14.464788732394366,20.0,20.0,1.0,0.8998619107352762
124.0,326.9942238355566,254.74663701971193,103.44664760761638,103.44664760761637,12.930830950952046,59,0.7475728155339806,0.1941747572815534,0.5533980582524272,0.8058252427184466,0.1378640776699029,14.464788732394366,20.0,20.0,1.0,0.9154007585851623
125.0,1547.9883031786542,1547.9883031786542,103.53214304792483,103.53214304792483,12.941517880990604,61,0.7456647398843931,0.1926782273603083,0.5529865125240848,0.8073217726396917,0.13680154142581888,14.464788732394366,20.0,20.0,1.0,0.9156108099939047
126.0,1346.8272959411245,427.23063716409047,104.75446979915031,104.75446979915031,13.09430872489379,60,0.7480916030534351,0.1946564885496183,0.5534351145038168,0.8053435114503816,0.13740458015267176,14.51388888888889,20.0,20.0,1.0,0.9049023862079426
127.0,456.8281317951145,456.8281317951145,104.74363351263811,104.74363351263811,13.092954189079764,63,0.7443609022556391,0.19172932330827067,0.5526315789473685,0.8082706766917294,0.13721804511278196,14.575342465753424,20.0,20.0,1.0,0.9063119938183444
128.0,726.640257594322,93.11194155109824,105.11443449617659,105.11443449617657,13.139304312022071,62,0.7471910112359551,0.19288389513108614,0.5543071161048689,0.8071161048689138,0.13670411985018727,14.575342465753424,20.0,20.0,1.0,0.9051933326009431
129.0,342.95514923520756,342.95514923520756,105.11433086703067,105.11433086703069,13.139291358378836,63,0.746268656716418,0.1921641791044776,0.5541044776119403,0.8078358208955224,0.13619402985074627,14.575342465753424,20.0,20.0,1.0,0.9061965998089114
130.0,946.6810477222596,937.6649503213664,105.13606222442112,105.13606222442114,13.142007778052642,65,0.7435424354243543,0.1918819188191882,0.551660516605166,0.8081180811808119,0.13653136531365315,14.608108108108109,20.0,20.0,1.0,0.907160442412458
131.0,486.7836105693462,486.7836105693462,101.89536804282218,101.89536804282217,12.736921005352771,62,0.7463503649635036,0.1897810218978102,0.5565693430656934,0.8102189781021898,0.14051094890510948,14.545454545454545,20.0,20.0,1.0,0.8929223571575907
132.0,664.2390654122246,664.2390654122246,101.8996626337728,101.89966263377282,12.737457829221603,62,0.7472727272727273,0.1890909090909091,0.5581818181818182,0.8109090909090909,0.14,14.545454545454545,20.0,20.0,1.0,0.8935329820286877
133.0,644.9144524312438,517.3867403665034,101.8906232229214,101.8906232229214,12.736327902865176,63,0.7468354430379747,0.189873417721519,0.5569620253164557,0.810126582278481,0.13924050632911392,14.545454545454545,20.0,20.0,1.0,0.8940939443023738
134.0,675.2806587433078,542.1484024237764,101.36997760704617,101.36997760704615,12.671247200880769,65,0.7455197132616488,0.1917562724014337,0.553763440860215,0.8082437275985663,0.13799283154121864,14.545454545454545,20.0,20.0,1.0,0.9007003838173727
135.0,530.0771665350718,429.81611812555377,104.864844140391,104.864844140391,13.108105517548875,64,0.7486631016042781,0.1925133689839572,0.5561497326203209,0.8074866310160428,0.13725490196078433,14.545454545454545,20.0,20.0,1.0,0.9147921072616256
136.0,476.03613830167023,476.03613830167023,104.6083862328841,104.60838623288409,13.07604827911051,60,0.7566607460035524,0.19182948490230906,0.5648312611012434,0.8081705150976909,0.13676731793960922,14.545454545454545,20.0,20.0,1.0,0.9163842473862985
137.0,651.2751519666213,595.0212314918055,104.48183574724527,104.48183574724528,13.06022946840566,60,0.7561837455830389,0.19257950530035337,0.5636042402826855,0.8074204946996466,0.13780918727915195,14.551282051282051,20.0,20.0,1.0,0.9164739260427099
138.0,925.0859052547053,470.8824597811761,103.69752027259725,103.69752027259723,12.962190034074654,59,0.7587412587412588,0.1958041958041958,0.5629370629370629,0.8041958041958042,0.1381118881118881,14.518987341772151,20.0,20.0,1.0,0.924237225659724
139.0,1654.955406716009,428.3902202119534,103.17939968823276,103.17939968823275,12.897424961029094,58,0.7621527777777778,0.19791666666666666,0.5642361111111112,0.8020833333333334,0.1371527777777778,14.518987341772151,20.0,20.0,1.0,0.9268471314457792
140.0,2140.3381647189517,1629.200596941959,99.7485426368879,99.7485426368879,12.468567829610988,65,0.7542662116040956,0.19965870307167236,0.5546075085324232,0.8003412969283277,0.1348122866894198,14.518987341772151,20.0,20.0,1.0,0.9155832748565319
141.0,544.7654168163856,0.0,99.93265363946466,99.93265363946468,12.491581704933084,60,0.7614991482112436,0.2010221465076661,0.5604770017035775,0.7989778534923339,0.1362862010221465,14.475,20.0,20.0,1.0,0.9128837596536312
142.0,1432.2016440568625,979.0720100807281,103.60651613604384,103.60651613604384,12.95081451700548,63,0.7591973244147158,0.20234113712374582,0.5568561872909699,0.7976588628762542,0.1354515050167224,14.469135802469136,20.0,20.0,1.0,0.9384404866139417
143.0,2020.7578511189556,1971.3900842782964,103.97039403374403,103.97039403374404,12.996299254218005,69,0.7528830313014827,0.20098846787479407,0.5518945634266886,0.7990115321252059,0.13344316309719934,14.469135802469136,20.0,20.0,1.0,0.9336608849845344
144.0,499.5627472056766,421.17284068744357,103.96256319240237,103.96256319240237,12.995320399050296,69,0.7545008183306056,0.20130932896890344,0.5531914893617021,0.7986906710310966,0.132569558101473,14.469135802469136,20.0,20.0,1.0,0.9331245861721483
145.0,646.1805427915525,646.1805427915525,100.34807898229533,100.34807898229533,12.543509872786917,70,0.7548701298701299,0.19967532467532467,0.5551948051948052,0.8003246753246753,0.1314935064935065,14.469135802469136,20.0,20.0,1.0,0.906837694446969
146.0,147.06101049826316,130.96901201351244,100.2161007762019,100.2161007762019,12.527012597025237,68,0.7576736672051696,0.20032310177705978,0.5573505654281099,0.7996768982229402,0.13247172859450726,14.536585365853659,20.0,20.0,1.0,0.9078393650554905
147.0,322.94793723464306,145.1593532409793,100.1188006705573,100.11880067055732,12.514850083819665,63,0.7640449438202247,0.20224719101123595,0.5617977528089888,0.797752808988764,0.1348314606741573,14.607142857142858,20.0,20.0,1.0,0.9087518176584781
148.0,11.746351702156012,11.746351702156012,98.47560003878091,98.47560003878091,12.309450004847614,63,0.7644230769230769,0.20192307692307693,0.5625,0.7980769230769231,0.1346153846153846,14.607142857142858,20.0,20.0,1.0,0.9370932561986277
149.0,660.4274442453218,660.4274442453218,98.37717511005897,98.37717511005899,12.297146888757373,64,0.7635782747603834,0.2012779552715655,0.5623003194888179,0.7987220447284346,0.134185303514377,14.607142857142858,20.0,20.0,1.0,0.9379616669895882
150.0,1509.2929117688361,952.1814815575583,99.90043351966871,99.90043351966871,12.487554189958589,66,0.7641509433962265,0.20440251572327045,0.559748427672956,0.7955974842767296,0.1320754716981132,14.607142857142858,20.0,20.0,1.0,0.9118013949686912
151.0,259.0826722254302,192.4975809630385,99.74706795300021,99.74706795300021,12.468383494125026,64,0.7671875,0.2046875,0.5625,0.7953125,0.1328125,14.611764705882353,20.0,20.0,1.0,0.9132780214839602
152.0,211.3692797881573,200.87782079853952,103.32275248370183,103.32275248370183,12.91534406046273,65,0.765891472868217,0.20465116279069767,0.5612403100775194,0.7953488372093023,0.13333333333333333,14.534883720930232,20.0,20.0,1.0,0.9290376046527139
153.0,901.0304293580804,582.0339474402288,103.04810219866893,103.04810219866893,12.881012774833616,65,0.7661538461538462,0.20615384615384616,0.56,0.7938461538461539,0.13384615384615384,14.597701149425287,20.0,20.0,1.0,0.9311572431258147
154.0,343.4973364995992,343.4973364995992,99.44233120701121,99.44233120701121,12.430291400876401,67,0.764525993883792,0.20489296636085627,0.5596330275229358,0.7951070336391437,0.13302752293577982,14.597701149425287,20.0,20.0,1.0,0.9173649162614774
155.0,184.17365369206485,169.9323714986108,99.51547313796014,99.51547313796011,12.439434142245014,67,0.7656012176560122,0.2054794520547945,0.5601217656012176,0.7945205479452054,0.1324200913242009,14.597701149425287,20.0,20.0,1.0,0.9168106726125393
156.0,408.63553062819244,187.88260950769074,100.03970656123806,100.03970656123806,12.504963320154758,67,0.7666666666666667,0.20606060606060606,0.5606060606060606,0.793939393939394,0.1318181818181818,14.597701149425287,20.0,20.0,1.0,0.9118052625837201
157.0,1939.765955960671,1047.285614283926,99.96587313092017,99.96587313092017,12.495734141365022,69,0.7657657657657657,0.2087087087087087,0.5570570570570571,0.7912912912912913,0.13063063063063063,14.597701149425287,20.0,20.0,1.0,0.9129825445843032
158.0,101.11901338646892,24.153094416042237,99.88779371558758,99.88779371558758,12.485974214448447,67,0.7694610778443114,0.20958083832335328,0.5598802395209581,0.7904191616766467,0.13023952095808383,14.597701149425287,20.0,20.0,1.0,0.9140580910124086
159.0,32.05741779574501,32.05741779574501,99.80576284577307,99.80576284577307,12.475720355721634,66,0.7713004484304933,0.20926756352765322,0.5620328849028401,0.7907324364723468,0.13004484304932734,14.597701149425287,20.0,20.0,1.0,0.915027673788309
160.0,34.78076975328427,34.78076975328427,99.9091997470196,99.90919974701958,12.488649968377448,61,0.7794336810730254,0.20864381520119224,0.5707898658718331,0.7913561847988078,0.12965722801788376,14.597701149425287,20.0,20.0,1.0,0.9091637673764694
161.0,1107.7127388752936,1107.7127388752936,98.45543783563988,98.45543783563987,12.306929729454984,60,0.7771173848439822,0.20802377414561665,0.5690936106983655,0.7919762258543833,0.1337295690936107,14.744444444444444,20.0,20.0,1.0,0.9303742300343557
162.0,614.8897460175458,614.8897460175458,99.20212383417297,99.20212383417295,12.400265479271619,56,0.7837037037037037,0.2074074074074074,0.5762962962962963,0.7925925925925926,0.13333333333333333,14.744444444444444,20.0,20.0,1.0,0.9205429812643855
163.0,413.85135056036927,207.49713713746934,101.3323597240969,101.33235972409688,12.66654496551211,49,0.7935103244837758,0.2079646017699115,0.5855457227138643,0.7920353982300885,0.13421828908554573,14.76923076923077,20.0,20.0,1.0,0.951276339860244
164.0,211.55631158542275,211.55631158542275,105.73227287144819,105.73227287144817,13.216534108931022,49,0.7944199706314243,0.20704845814977973,0.5873715124816447,0.7929515418502202,0.13362701908957417,14.76923076923077,20.0,20.0,1.0,0.93706602969116
165.0,1683.9121917559241,1683.9121917559241,103.87786616080193,103.87786616080191,12.98473327010024,48,0.793002915451895,0.2055393586005831,0.5874635568513119,0.7944606413994169,0.13702623906705538,14.851063829787234,20.0,20.0,1.0,0.9574143996800467
166.0,1606.5943329075842,1091.366490750598,105.48635911870724,105.48635911870723,13.185794889838403,51,0.7901591895803184,0.20549927641099855,0.5846599131693199,0.7945007235890015,0.13603473227206947,14.851063829787234,20.0,20.0,1.0,0.9365302236252342
167.0,409.3403518128355,409.3403518128355,105.35705994354227,105.35705994354227,13.169632492942783,50,0.7904624277456648,0.20520231213872833,0.5852601156069365,0.7947976878612717,0.13728323699421965,14.884210526315789,20.0,20.0,1.0,0.9362472684080526
168.0,708.642920382862,674.8400301707331,105.22490420779552,105.22490420779553,13.153113025974442,52,0.7862266857962698,0.20516499282639886,0.5810616929698709,0.7948350071736011,0.13916786226685796,14.917525773195877,20.0,20.0,1.0,0.9359506278938872
169.0,863.2409354637425,676.4734474766018,105.09088019492214,105.09088019492214,13.136360024365267,54,0.7852062588904695,0.20625889046941678,0.5789473684210527,0.7937411095305832,0.1379800853485064,14.917525773195877,20.0,20.0,1.0,0.9356375310360681
170.0,592.4332429146874,509.19483652461827,104.45637378368586,104.45637378368583,13.05704672296073,52,0.7870239774330042,0.2059238363892807,0.5811001410437235,0.7940761636107193,0.13963328631875882,14.97979797979798,20.0,20.0,1.0,0.9385120944261155
171.0,1563.0787246394834,1563.0787246394834,99.83197006830532,99.83197006830532,12.478996258538166,54,0.7843137254901961,0.20448179271708683,0.5798319327731093,0.7955182072829131,0.1400560224089636,15.03,20.0,20.0,1.0,0.9011188980770994
172.0,288.4003882435406,235.18757290354114,99.7257149776983,99.72571497769829,12.465714372212286,56,0.7827298050139275,0.20473537604456823,0.5779944289693594,0.7952646239554317,0.1392757660167131,15.03,20.0,20.0,1.0,0.9010783305449395
173.0,878.7973928615752,789.317253136533,100.31286558515725,100.31286558515724,12.539108198144655,57,0.7817679558011049,0.20441988950276244,0.5773480662983426,0.7955801104972375,0.13950276243093923,15.01980198019802,20.0,20.0,1.0,0.8900094053341483
174.0,1793.9749571897405,782.3536049373449,100.23852074782693,100.23852074782691,12.529815093478364,55,0.7840440165061898,0.2063273727647868,0.5777166437414031,0.7936726272352133,0.14030261348005502,15.029411764705882,20.0,20.0,1.0,0.8905850690823955
175.0,1024.9476772436526,1024.9476772436526,100.21927507815134,98.46232940029664,12.30779117503708,55,0.7835616438356164,0.2054794520547945,0.5780821917808219,0.7945205479452054,0.1410958904109589,15.03883495145631,20.0,20.0,1.0,0.8908851450182088
176.0,0.0,0.0,103.37127210242075,103.37127210242073,12.921409012802592,52,0.7863013698630137,0.2054794520547945,0.5808219178082191,0.7945205479452054,0.14246575342465753,15.028846153846153,20.0,20.0,1.0,0.9212482342900838
177.0,142.19054303154888,142.19054303154888,104.25931931488898,104.25931931488897,13.032414914361121,50,0.7882513661202186,0.20491803278688525,0.5833333333333334,0.7950819672131147,0.14344262295081966,15.019047619047619,20.0,20.0,1.0,0.9133687586225729
178.0,868.3830894329634,815.85334502972,103.33308473782226,103.33308473782225,12.916635592227781,52,0.7866847826086957,0.20516304347826086,0.5815217391304348,0.7948369565217391,0.14266304347826086,15.019047619047619,20.0,20.0,1.0,0.9220561917939649
179.0,656.3345752459829,656.3345752459829,104.11623634856801,104.11623634856801,13.014529543571001,58,0.7803234501347709,0.20350404312668463,0.5768194070080862,0.7964959568733153,0.14150943396226415,15.019047619047619,20.0,20.0,1.0,0.9142335215044933
180.0,1473.419130233596,1421.1155840968768,104.0898020399458,104.08980203994578,13.011225254993223,63,0.7754010695187166,0.20320855614973263,0.5721925133689839,0.7967914438502673,0.14037433155080214,15.019047619047619,20.0,20.0,1.0,0.9143756013227069
181.0,788.7211156895602,545.3620657028245,101.1098416760137,101.1098416760137,12.638730209501713,65,0.773209549071618,0.20291777188328913,0.5702917771883289,0.7970822281167109,0.14058355437665782,15.037735849056604,20.0,20.0,1.0,0.882343913747991
182.0,1324.6208458099186,746.1194795707347,100.48830034449233,100.48830034449232,12.56103754306154,67,0.7723684210526316,0.20394736842105263,0.5684210526315789,0.7960526315789473,0.1394736842105263,15.037735849056604,20.0,20.0,1.0,0.8879483012088563
183.0,969.571894003717,969.571894003717,100.49798099686338,100.49798099686336,12.56224762460792,68,0.7716535433070866,0.20341207349081364,0.568241469816273,0.7965879265091863,0.13910761154855644,15.037735849056604,20.0,20.0,1.0,0.8876977344348947
184.0,42.06799819072737,42.06799819072737,100.50301518693502,100.503015186935,12.562876898366875,67,0.7732634338138925,0.20314547837483618,0.5701179554390564,0.7968545216251638,0.13892529488859764,15.037735849056604,20.0,20.0,1.0,0.8874519971831074
185.0,2126.086411779492,817.683248082973,100.4551082265225,100.45510822652248,12.55688852831531,66,0.7757496740547588,0.2033898305084746,0.5723598435462842,0.7966101694915254,0.13820078226857888,15.037735849056604,20.0,20.0,1.0,0.8875377250666745
186.0,652.4715437959376,266.64998329573496,100.49368964578426,98.69921444560075,12.337401805700093,63,0.7792207792207793,0.2038961038961039,0.5753246753246753,0.7961038961038961,0.13896103896103895,15.02803738317757,20.0,20.0,1.0,0.8872525158982317
187.0,1107.9626270283932,1107.9626270283932,103.35317898932449,103.35317898932448,12.91914737366556,64,0.777490297542044,0.20310478654592498,0.574385510996119,0.796895213454075,0.13971539456662355,15.064814814814815,20.0,20.0,1.0,0.9065396628669294
188.0,301.6638908709724,128.75702533178952,103.5095879652267,103.5095879652267,12.938698495653338,60,0.7822164948453608,0.20489690721649484,0.5773195876288659,0.7951030927835051,0.1404639175257732,15.082568807339449,20.0,20.0,1.0,0.9066837037276865
189.0,1130.5833021561236,668.9205519600405,103.33436100749138,103.33436100749135,12.916795125936419,61,0.7823303457106274,0.20486555697823303,0.5774647887323944,0.795134443021767,0.13956466069142126,15.082568807339449,20.0,20.0,1.0,0.9091511505260976
190.0,1620.833909645077,817.7379653354924,103.47941336972052,103.47941336972049,12.934926671215061,59,0.7858048162230672,0.20785804816223066,0.5779467680608364,0.7921419518377694,0.1394169835234474,15.054545454545455,20.0,20.0,1.0,0.9095012540369847
191.0,867.0159347367352,809.6042139756947,103.62115414735642,103.62115414735639,12.952644268419549,59,0.7864321608040201,0.20728643216080403,0.5791457286432161,0.792713567839196,0.13944723618090452,15.09009009009009,20.0,20.0,1.0,0.9098347945189914
192.0,505.86077695352117,0.0,103.75896380875348,103.75896380875346,12.969870476094183,57,0.7894736842105263,0.20927318295739347,0.5802005012531328,0.7907268170426065,0.13909774436090225,15.09009009009009,20.0,20.0,1.0,0.9101515436446692
193.0,777.4645465675446,515.3977643498695,106.41096684154236,106.41096684154235,13.301370855192793,55,0.7915106117353309,0.20973782771535582,0.581772784019975,0.7902621722846442,0.13982521847690388,15.089285714285714,20.0,20.0,1.0,0.9465923642563536
194.0,507.931975180019,507.931975180019,106.53876877602549,106.53876877602548,13.317346097003185,56,0.7907845579078456,0.20921544209215442,0.5815691158156912,0.7907845579078456,0.13947696139476962,15.089285714285714,20.0,20.0,1.0,0.9469404132599561
195.0,1238.3853483971754,1160.360570256092,109.06255090642196,109.06255090642192,13.63281886330274,61,0.7869458128078818,0.20812807881773399,0.5788177339901478,0.791871921182266,0.13793103448275862,15.089285714285714,20.0,20.0,1.0,0.985369513115491
196.0,356.55459752127865,158.21554758432978,109.17965025590816,109.17965025590811,13.647456281988514,63,0.7855392156862745,0.20955882352941177,0.5759803921568627,0.7904411764705882,0.13725490196078433,15.089285714285714,20.0,20.0,1.0,0.9855835567308958
197.0,347.8183432902685,334.93715628656884,109.28862120967506,109.28862120967501,13.661077651209377,62,0.7853658536585366,0.2097560975609756,0.5756097560975609,0.7902439024390244,0.13902439024390245,15.131578947368421,20.0,20.0,1.0,0.9857674558233576
198.0,221.2575953975727,172.0998849531881,109.38888830966185,109.38888830966181,13.673611038707726,61,0.7864077669902912,0.2099514563106796,0.5764563106796117,0.7900485436893204,0.1395631067961165,15.173913043478262,20.0,20.0,1.0,0.98591902593136
199.0,338.11226585744345,330.11226585744345,104.99565985013453,104.99565985013452,13.124457481266814,61,0.7864897466827503,0.20989143546441497,0.5765983112183354,0.7901085645355851,0.1399276236429433,15.21551724137931,20.0,20.0,1.0,0.9182191290746112
200.0,169.4710256077048,169.4710256077048,104.97151122120903,104.971511221209,13.121438902651125,60,0.7872596153846154,0.2091346153846154,0.578125,0.7908653846153846,0.140625,15.256410256410257,20.0,20.0,1.0,0.9189022176406266
201.0,1004.9384931298373,1004.9384931298373,104.60435236150599,104.60435236150595,13.075544045188243,59,0.7880239520958083,0.20838323353293414,0.5796407185628742,0.7916167664670659,0.14131736526946106,15.296610169491526,20.0,20.0,1.0,0.9217688760015282
202.0,1578.0285837461586,626.0893074483993,104.63627785164941,104.6362778516494,13.079534731456175,59,0.7892857142857143,0.20952380952380953,0.5797619047619048,0.7904761904761904,0.14047619047619048,15.296610169491526,20.0,20.0,1.0,0.9218205254620714
203.0,565.6433751143185,479.8272305517489,101.3111851732307,101.31118517323068,12.663898146653835,61,0.7881656804733728,0.20946745562130178,0.578698224852071,0.7905325443786982,0.13964497041420118,15.296610169491526,20.0,20.0,1.0,0.8917391104132678
204.0,530.4616754286124,501.3262148305638,101.33758744410252,101.33758744410251,12.667198430512814,62,0.7868080094228505,0.20965842167255594,0.5771495877502945,0.790341578327444,0.14016489988221437,15.327731092436975,20.0,20.0,1.0,0.8916233996925194
205.0,860.3514892050453,636.3344219145192,101.94901635847042,99.40534409836391,12.425668012295489,62,0.7871345029239766,0.21052631578947367,0.5766081871345029,0.7894736842105263,0.14035087719298245,15.258333333333333,20.0,20.0,1.0,0.886214552280575
206.0,287.0571598217722,18.770044091041118,104.03945669539362,104.0394566953936,13.0049320869242,62,0.7878787878787878,0.21212121212121213,0.5757575757575758,0.7878787878787878,0.13986013986013987,15.258333333333333,20.0,20.0,1.0,0.9099090145641695
207.0,752.3492417176244,752.3492417176244,104.07480273166102,104.07480273166101,13.009350341457626,62,0.7886178861788617,0.21138211382113822,0.5772357723577236,0.7886178861788617,0.13937282229965156,15.258333333333333,20.0,20.0,1.0,0.9092042845169515
208.0,336.6176140001264,336.6176140001264,103.90766253256331,103.90766253256328,12.98845781657041,63,0.7870370370370371,0.21064814814814814,0.5763888888888888,0.7893518518518519,0.1400462962962963,15.297520661157025,20.0,20.0,1.0,0.9099346792435323
209.0,430.3038391739893,365.20691749426584,103.98030767545886,103.98030767545885,12.997538459432356,62,0.7871116225546605,0.21058688147295743,0.5765247410817032,0.7894131185270425,0.14154200230149597,15.333333333333334,20.0,20.0,1.0,0.9090842973577213
210.0,1051.0562026183852,755.6839064166402,103.13943526361308,103.13943526361307,12.892429407951633,61,0.7883295194508009,0.2116704805491991,0.5766590389016019,0.7883295194508009,0.14187643020594964,15.338709677419354,20.0,20.0,1.0,0.9180325517764625
211.0,518.8017627578283,329.732818969333,103.51533514334726,103.51533514334724,12.939416892918405,58,0.7929465301478953,0.21274175199089876,0.5802047781569966,0.7872582480091013,0.1410693970420933,15.338709677419354,20.0,20.0,1.0,0.9125981853025195
212.0,235.7001275148831,166.19364619260858,103.53438234123354,103.53438234123351,12.941797792654189,60,0.7907239819004525,0.21380090497737556,0.5769230769230769,0.7861990950226244,0.1414027149321267,15.352,20.0,20.0,1.0,0.9117682326743652
213.0,1457.0114953836876,1252.4277237629738,104.38251869022562,104.38251869022561,13.047814836278201,63,0.7890011223344556,0.2143658810325477,0.574635241301908,0.7856341189674523,0.14029180695847362,15.352,20.0,20.0,1.0,0.9169584257569677
214.0,430.96240065330556,147.24514477733175,104.45530354714607,104.45530354714606,13.056912943393257,62,0.7905935050391937,0.21500559910414332,0.5755879059350504,0.7849944008958567,0.13997760358342665,15.352,20.0,20.0,1.0,0.9171186466248451
215.0,801.2589815855495,801.2589815855495,104.86441652522223,104.86441652522221,13.108052065652776,59,0.7946428571428571,0.21428571428571427,0.5803571428571429,0.7857142857142857,0.13950892857142858,15.352,20.0,20.0,1.0,0.9152105881121829
216.0,433.14706209031255,433.14706209031255,104.85125560969949,104.85125560969948,13.106406951212435,59,0.7939866369710468,0.21380846325167038,0.5801781737193764,0.7861915367483296,0.1403118040089087,15.333333333333334,20.0,20.0,1.0,0.9163561628256287
217.0,227.6764426292468,227.6764426292468,105.05671141592151,105.05671141592148,13.132088926990185,61,0.7929125138427464,0.21262458471760798,0.5802879291251384,0.7873754152823921,0.13953488372093023,15.333333333333334,20.0,20.0,1.0,0.9143580182856247
218.0,609.1240858656181,593.1240858656181,105.0214625814555,105.02146258145548,13.127682822681935,61,0.7940528634361234,0.21365638766519823,0.5803964757709251,0.7863436123348018,0.13876651982378854,15.333333333333334,20.0,20.0,1.0,0.9153307737260273
219.0,1160.5258765437245,1152.5258765437245,104.96067110060481,104.96067110060483,13.120083887575603,58,0.7958287596048299,0.21405049396267836,0.5817782656421515,0.7859495060373216,0.14050493962678376,15.34375,20.0,20.0,1.0,0.9163155483311086
220.0,514.0391075676275,428.20499167579754,104.61719209023751,104.6171920902375,13.077149011279687,60,0.7949836423118866,0.2148309705561614,0.5801526717557252,0.7851690294438386,0.1395856052344602,15.34375,20.0,20.0,1.0,0.9191700826126932
221.0,391.6195389056653,376.7746516045107,104.65490780797647,104.65490780797647,13.081863475997059,57,0.7967391304347826,0.21521739130434783,0.5815217391304348,0.7847826086956522,0.14130434782608695,15.392307692307693,20.0,20.0,1.0,0.919862893080534
222.0,223.1782363278203,138.87853001446715,101.94459092170193,101.94459092170193,12.743073865212741,56,0.7982646420824295,0.2158351409978308,0.5824295010845987,0.7841648590021691,0.14099783080260303,15.392307692307693,20.0,20.0,1.0,0.8938767034132321
223.0,642.0128791246087,294.49592538857763,102.68820334543008,102.6882033454301,12.836025418178762,53,0.8010810810810811,0.21621621621621623,0.5848648648648649,0.7837837837837838,0.14162162162162162,15.427480916030534,20.0,20.0,1.0,0.8872970086856924
224.0,761.3179086559655,674.2641245431646,102.67749439380728,102.67749439380731,12.834686799225913,53,0.7997847147470398,0.2163616792249731,0.5834230355220668,0.7836383207750269,0.14316469321851452,15.436090225563909,20.0,20.0,1.0,0.887727912165237
225.0,682.4243751294997,682.4243751294997,102.04507783593155,102.04507783593155,12.755634729491444,55,0.7978609625668449,0.21497326203208555,0.5828877005347594,0.7850267379679144,0.14331550802139037,15.462686567164178,20.0,20.0,1.0,0.8937272866797656
226.0,365.8809698768624,365.8809698768624,102.03295749780618,100.18861655021841,12.523577068777302,56,0.7953091684434968,0.21428571428571427,0.5810234541577826,0.7857142857142857,0.14498933901918976,15.375,20.0,20.0,1.0,0.8936613489072446
227.0,1552.430191057621,1442.0969102419056,104.77612174212267,104.77612174212267,13.097015217765334,57,0.7942735949098622,0.2142099681866384,0.5800636267232238,0.7857900318133616,0.14528101802757157,15.386861313868613,20.0,20.0,1.0,0.913744148452753
228.0,425.6430340321902,234.78017439785964,104.7117338133379,104.71173381333789,13.088966726667236,55,0.795142555438226,0.21541710665258712,0.5797254487856388,0.7845828933474129,0.146779303062302,15.410071942446043,20.0,20.0,1.0,0.9129609015150644
229.0,713.3913654183573,713.3913654183573,103.6875424575613,103.68754245756128,12.96094280719516,55,0.7949526813880127,0.21451104100946372,0.580441640378549,0.7854889589905363,0.14721345951629863,15.428571428571429,20.0,20.0,1.0,0.9207596816953427
230.0,430.0740376758746,430.0740376758746,104.70079110731017,104.70079110731017,13.08759888841377,56,0.7947643979057591,0.2136125654450262,0.581151832460733,0.7863874345549738,0.14659685863874344,15.428571428571429,20.0,20.0,1.0,0.9099072444062234
231.0,655.658219007507,655.658219007507,103.88153540082519,103.88153540082517,12.985191925103146,59,0.7927083333333333,0.2125,0.5802083333333333,0.7875,0.14583333333333334,15.428571428571429,20.0,20.0,1.0,0.9173717400128749
232.0,0.0,0.0,103.8726970056055,103.87269700560552,12.98408712570069,56,0.79375,0.2125,0.58125,0.7875,0.14791666666666667,15.380281690140846,20.0,20.0,1.0,0.9160759502618193
233.0,1938.2767117533892,1835.0664599525228,101.24150021905153,101.24150021905155,12.655187527381443,54,0.7958549222797927,0.21243523316062177,0.583419689119171,0.7875647668393783,0.14818652849740932,15.342657342657343,20.0,20.0,1.0,0.8993496257705171
234.0,977.2563377639462,977.2563377639462,100.35343423868977,100.35343423868976,12.54417927983622,59,0.791967044284243,0.21112255406797117,0.5808444902162719,0.7888774459320288,0.14727085478887744,15.342657342657343,20.0,20.0,1.0,0.9078808311727155
235.0,362.22400581522277,362.22400581522277,100.31094679466722,100.31094679466723,12.538868349333404,61,0.7899590163934426,0.21004098360655737,0.5799180327868853,0.7899590163934426,0.14754098360655737,15.284722222222221,20.0,20.0,1.0,0.9075694000571608
236.0,1026.3908496223182,716.4866302421513,101.10034047040614,101.10034047040614,12.637542558800767,62,0.7892057026476579,0.21079429735234215,0.5784114052953157,0.7892057026476579,0.14765784114052954,15.296551724137931,20.0,20.0,1.0,0.8983451784461718
237.0,525.5973354395401,327.96511693070835,100.94199531911735,100.94199531911735,12.61774941488967,61,0.7910750507099391,0.21196754563894524,0.579107505070994,0.7880324543610547,0.14705882352941177,15.296551724137931,20.0,20.0,1.0,0.8997808043132666
238.0,966.6612839189296,0.0,100.7664520199834,100.76645201998338,12.595806502497922,59,0.7935222672064778,0.21356275303643724,0.5799595141700404,0.7864372469635628,0.14676113360323886,15.296551724137931,20.0,20.0,1.0,0.9016528202472632
239.0,131.55724471685443,58.68410459934357,100.57973902128114,100.57973902128113,12.572467377660141,58,0.794949494949495,0.21414141414141413,0.5808080808080808,0.7858585858585858,0.14646464646464646,15.296551724137931,20.0,20.0,1.0,0.9036393953668853
240.0,530.7971045126985,432.6569755022543,101.34255930641208,101.34255930641208,12.66781991330151,56,0.7973790322580645,0.21471774193548387,0.5826612903225806,0.7852822580645161,0.1461693548387097,15.296551724137931,20.0,20.0,1.0,0.894780694204662
241.0,1954.8882229146773,1954.8882229146773,100.20903325955288,100.2090332595529,12.526129157444112,59,0.7953861584754263,0.2136409227683049,0.5817452357071213,0.7863590772316951,0.14543630892678033,15.296551724137931,20.0,20.0,1.0,0.9070131047916103
242.0,1603.283062591651,1308.836997342125,100.16095285171507,100.16095285171507,12.520119106464383,63,0.7920398009950249,0.21393034825870647,0.5781094527363184,0.7860696517412935,0.14527363184079603,15.315068493150685,20.0,20.0,1.0,0.9060476630150599
243.0,132.1342308034851,8.0,99.63943746050292,99.63943746050295,12.454929682562868,61,0.7936507936507936,0.2152777777777778,0.5783730158730159,0.7847222222222222,0.14583333333333334,15.326530612244898,20.0,20.0,1.0,0.9118111280641081
244.0,663.5781025311127,435.6276518990612,102.14543961777215,102.14543961777215,12.76817995222152,62,0.7936821322803553,0.21618953603158933,0.577492596248766,0.7838104639684107,0.14511352418558737,15.326530612244898,20.0,20.0,1.0,0.9397729899244438
245.0,344.63328422185407,344.63328422185407,102.11811189011141,102.11811189011141,12.764763986263926,60,0.7960591133004926,0.21576354679802956,0.5802955665024631,0.7842364532019704,0.14482758620689656,15.326530612244898,20.0,20.0,1.0,0.9403426161191372
246.0,602.3036537408241,515.8488556563955,103.20347072441315,103.20347072441312,12.90043384055164,61,0.796078431372549,0.21568627450980393,0.5803921568627451,0.7843137254901961,0.14411764705882352,15.326530612244898,20.0,20.0,1.0,0.9282825203924011
247.0,1204.110054744424,1171.8389028213705,102.67137299011252,102.67137299011253,12.833921623764066,62,0.7953216374269005,0.21539961013645223,0.5799220272904484,0.7846003898635477,0.1442495126705653,15.344594594594595,20.0,20.0,1.0,0.9325448708331108
248.0,156.97481200737656,156.97481200737656,102.68867867116393,102.68867867116393,12.836084833895491,63,0.7949465500485908,0.21477162293488825,0.5801749271137027,0.7852283770651117,0.14382896015549076,15.344594594594595,20.0,20.0,1.0,0.9320522730752973
249.0,262.3584663385077,262.3584663385077,102.80798452536227,102.80798452536227,12.850998065670284,62,0.7955426356589147,0.21414728682170542,0.5813953488372093,0.7858527131782945,0.14437984496124032,15.348993288590604,20.0,20.0,1.0,0.9303848438940928
250.0,605.5035341587546,605.5035341587546,102.82316432699267,102.82316432699267,12.852895540874083,62,0.7961352657004831,0.2135265700483092,0.5826086956521739,0.7864734299516908,0.14396135265700483,15.348993288590604,20.0,20.0,1.0,0.9296872886788515
251.0,818.2920156092623,818.2920156092623,103.40882658077246,103.40882658077244,12.926103322596555,60,0.7978825794032723,0.21270452358036573,0.5851780558229066,0.7872954764196343,0.14436958614051973,15.366666666666667,20.0,20.0,1.0,0.9238028047243806
252.0,1027.81545373648,963.645165167331,103.33215803686622,103.33215803686622,12.916519754608277,62,0.7957813998082455,0.21284755512943432,0.5829338446788112,0.7871524448705657,0.14477468839884947,15.331125827814569,20.0,20.0,1.0,0.9238704334587915
253.0,661.307099352649,196.57109775219084,103.37541377768498,103.37541377768498,12.921926722210623,60,0.7980952380952381,0.21523809523809523,0.5828571428571429,0.7847619047619048,0.14476190476190476,15.355263157894736,20.0,20.0,1.0,0.9226119146532695
254.0,865.1659077804443,610.9470990621205,101.14093854373733,101.14093854373733,12.642617317967167,61,0.7984862819299905,0.21570482497634816,0.5827814569536424,0.7842951750236519,0.14380321665089876,15.355263157894736,20.0,20.0,1.0,0.8903818666697261
255.0,786.1367197096529,476.1810669116125,102.75429730333578,102.75429730333576,12.84428716291697,60,0.800376647834275,0.21657250470809794,0.583804143126177,0.783427495291902,0.1431261770244821,15.355263157894736,20.0,20.0,1.0,0.9183241116194183
256.0,530.6088654797467,530.6088654797467,103.16816816705106,103.16816816705108,12.896021020881385,58,0.8026315789473685,0.2161654135338346,0.5864661654135338,0.7838345864661654,0.14285714285714285,15.355263157894736,20.0,20.0,1.0,0.9144471008654906
257.0,270.9426591545966,270.9426591545966,103.05028992357119,103.0502899235712,12.8812862404464,57,0.8037558685446009,0.215962441314554,0.5877934272300469,0.784037558685446,0.14272300469483568,15.355263157894736,20.0,20.0,1.0,0.9146362696469714
258.0,911.1321297651923,823.7157362485118,102.92731244660065,102.92731244660067,12.865914055825083,61,0.800186741363212,0.21568627450980393,0.5845004668534081,0.7843137254901961,0.14285714285714285,15.352941176470589,20.0,20.0,1.0,0.914810049837773
259.0,187.18029005848143,187.18029005848143,102.80013727952598,102.800137279526,12.85001715994075,61,0.8003731343283582,0.21548507462686567,0.5848880597014925,0.7845149253731343,0.14272388059701493,15.352941176470589,20.0,20.0,1.0,0.9149671051697307
260.0,309.1229687409558,70.07418938408237,102.6695575784689,102.66955757846891,12.833694697308614,60,0.8007448789571695,0.21601489757914338,0.5847299813780261,0.7839851024208566,0.14338919925512103,15.35064935064935,20.0,20.0,1.0,0.9151066928178134
261.0,631.7172275850065,285.7162484399394,103.02316791911863,103.02316791911865,12.877895989889831,58,0.8033395176252319,0.21614100185528756,0.5871985157699443,0.7838589981447124,0.14285714285714285,15.35064935064935,20.0,20.0,1.0,0.9115440242447751
262.0,607.0903162667818,207.15349747049316,101.66019635777856,101.66019635777857,12.707524544722322,55,0.8060941828254847,0.21606648199445982,0.590027700831025,0.7839335180055401,0.14312096029547552,15.341935483870968,20.0,20.0,1.0,0.9254094543434259
263.0,691.4717757832855,353.5046708826932,102.8123634055524,102.8123634055524,12.85154542569405,57,0.8040478380864765,0.21619135234590617,0.5878564857405704,0.7838086476540939,0.14351425942962281,15.346153846153847,20.0,20.0,1.0,0.911383088216505
264.0,877.0638793677005,877.0638793677005,100.53042931031133,100.53042931031135,12.566303663788918,60,0.8021978021978022,0.21520146520146521,0.586996336996337,0.7847985347985348,0.14285714285714285,15.346153846153847,20.0,20.0,1.0,0.8870080467965383
265.0,796.0473296346413,796.0473296346413,99.07826449988059,99.07826449988059,12.384783062485074,63,0.8003646308113036,0.21422060164083864,0.5861440291704649,0.7857793983591613,0.1422060164083865,15.346153846153847,20.0,20.0,1.0,0.9067410465139122
266.0,670.9365374461687,535.7058866706401,100.50301518693502,100.50301518693503,12.562876898366879,62,0.8018181818181818,0.21454545454545454,0.5872727272727273,0.7854545454545454,0.14181818181818182,15.346153846153847,20.0,20.0,1.0,0.8874519971831074
267.0,413.6483412819118,298.3780708575505,101.09304395309685,101.09304395309685,12.636630494137107,60,0.8043478260869565,0.21467391304347827,0.5896739130434783,0.7853260869565217,0.14130434782608695,15.346153846153847,20.0,20.0,1.0,0.8823268977856615
268.0,941.9408313853329,925.1783560263657,101.10350683501618,101.10350683501618,12.637938354377022,63,0.801980198019802,0.21422142214221424,0.5877587758775877,0.7857785778577858,0.1413141314131413,15.299363057324841,20.0,20.0,1.0,0.8823380472656518
269.0,419.7013629516968,419.7013629516968,100.47383595148345,100.47383595148345,12.559229493935431,64,0.8016157989228008,0.21364452423698385,0.5879712746858169,0.7863554757630161,0.14093357271095153,15.299363057324841,20.0,20.0,1.0,0.8882063032729365
270.0,614.0298917207418,47.274052038270945,100.4544870380267,100.4544870380267,12.556810879753337,62,0.8039391226499553,0.21486123545210384,0.5890778871978514,0.7851387645478961,0.1405550581915846,15.299363057324841,20.0,20.0,1.0,0.888473725518949
271.0,1714.448759960306,1499.606728752263,100.43020846183924,100.43020846183926,12.553776057729907,60,0.804986642920748,0.21549421193232413,0.5894924309884239,0.7845057880676759,0.14158504007123776,15.270440251572326,20.0,20.0,1.0,0.8887517482469883
272.0,373.6944648878106,37.69651076747188,100.26873905219901,100.268739052199,12.533592381524874,58,0.8065661047027507,0.21650399290150843,0.5900621118012422,0.7834960070984915,0.1419698314108252,15.3,20.0,20.0,1.0,0.8900064461607465
273.0,2598.643999069298,2204.8661181311245,98.6035825806538,98.60358258065382,12.325447822581728,62,0.8042328042328042,0.21604938271604937,0.5881834215167548,0.7839506172839507,0.14109347442680775,15.3,20.0,20.0,1.0,0.910740476952919
274.0,452.581579601731,452.581579601731,99.02606274461071,99.02606274461073,12.37825784307634,60,0.8063380281690141,0.21566901408450703,0.590669014084507,0.784330985915493,0.14084507042253522,15.3,20.0,20.0,1.0,0.9060174397902475
275.0,1257.4823053106945,352.060047026346,99.02499174740854,99.02499174740854,12.378123968426067,60,0.8071866783523225,0.21647677475898336,0.5907099035933392,0.7835232252410167,0.14022787028921999,15.3,20.0,20.0,1.0,0.9058634236992128
276.0,112.46303457968078,0.0,99.05249905315969,99.05249905315969,12.381562381644962,58,0.809106830122592,0.2171628721541156,0.5919439579684763,0.7828371278458844,0.14010507880910683,15.3,20.0,20.0,1.0,0.9057040678871486
277.0,149.52769903469326,149.52769903469326,99.72210173362484,99.72210173362483,12.465262716703103,58,0.8085664335664335,0.21678321678321677,0.5917832167832168,0.7832167832167832,0.14073426573426573,15.285714285714286,20.0,20.0,1.0,0.8957959675953459
278.0,799.6499300216532,799.6499300216532,99.87436327327075,99.87436327327075,12.484295409158843,54,0.8115183246073299,0.2164048865619546,0.5951134380453752,0.7835951134380453,0.14136125654450263,15.302469135802468,20.0,20.0,1.0,0.8951856760049135
279.0,189.8651871647166,189.8651871647166,99.9016650108042,97.61665336527976,12.20208167065997,52,0.8109756097560976,0.21602787456445993,0.5949477351916377,0.7839721254355401,0.1437282229965157,15.33939393939394,20.0,20.0,1.0,0.896279936421102
280.0,439.13569650819306,408.95665599793693,101.85424574464928,101.85424574464929,12.731780718081161,53,0.8105994787141616,0.2163336229365769,0.5942658557775847,0.7836663770634231,0.14335360556038226,15.33939393939394,20.0,20.0,1.0,0.9136902932636956
281.0,361.6499412777572,361.6499412777572,101.84857770881293,101.8485777088129,12.731072213601612,55,0.8093587521663779,0.21577123050259966,0.5935875216637782,0.7842287694974004,0.14298093587521662,15.33939393939394,20.0,20.0,1.0,0.914380397274906
282.0,2116.3692117885575,1977.7369006373528,101.83772648361156,101.83772648361158,12.729715810451447,58,0.8070628768303187,0.2153316106804479,0.5917312661498708,0.7846683893195521,0.1429801894918174,15.343373493975903,20.0,20.0,1.0,0.9150947821191814
283.0,1181.0950457373224,1096.9794860313996,101.72889310606325,101.72889310606325,12.716111638257907,59,0.8065068493150684,0.21575342465753425,0.5907534246575342,0.7842465753424658,0.1429794520547945,15.37125748502994,20.0,20.0,1.0,0.9168149122609756
284.0,848.6745141659499,848.6745141659499,101.7701607145511,101.77016071455108,12.721270089318885,61,0.8054607508532423,0.2150170648464164,0.590443686006826,0.7849829351535836,0.14249146757679182,15.37125748502994,20.0,20.0,1.0,0.9169043393162604
285.0,1543.3253303431652,336.46570011550693,100.8592447553378,100.85924475533781,12.607405594417227,60,0.806615776081425,0.21628498727735368,0.5903307888040712,0.7837150127226463,0.14249363867684478,15.386904761904763,20.0,20.0,1.0,0.9268632902544438
286.0,466.03380965677826,466.03380965677826,101.83079306390738,101.83079306390738,12.728849132988422,60,0.8062605752961083,0.21573604060913706,0.5905245346869712,0.7842639593908629,0.14297800338409475,15.414201183431953,20.0,20.0,1.0,0.9171717029434748
287.0,304.93397097410246,304.93397097410246,99.48471213973548,99.48471213973549,12.435589017466937,64,0.8037068239258636,0.21482729570345407,0.5888795282224094,0.785172704296546,0.14237573715248525,15.414201183431953,20.0,20.0,1.0,0.9105644454268517
288.0,1385.0004270704685,1277.357592279926,100.65800171275946,100.65800171275947,12.582250214094934,65,0.803347280334728,0.21422594142259413,0.5891213389121339,0.7857740585774059,0.14225941422594143,15.423529411764706,20.0,20.0,1.0,0.8967059634122023
289.0,540.9323840204069,470.48448745163336,99.48527577513273,99.48527577513275,12.435659471891594,65,0.8033333333333333,0.21416666666666667,0.5891666666666666,0.7858333333333334,0.1425,15.432748538011696,20.0,20.0,1.0,0.9126820070158118
290.0,0.0,0.0,99.472423506474,99.47242350647403,12.434052938309254,64,0.8041666666666667,0.21416666666666667,0.59,0.7858333333333334,0.1425,15.432748538011696,20.0,20.0,1.0,0.9137961356049887
291.0,915.5132311912171,898.0855315191911,100.85130969940893,100.85130969940897,12.606413712426122,66,0.8036454018227009,0.21375310687655344,0.5898922949461475,0.7862468931234465,0.14167357083678542,15.432748538011696,20.0,20.0,1.0,0.8966147886530734
292.0,883.4410094791083,883.4410094791083,100.05193401425792,100.05193401425794,12.506491751782242,70,0.8004946413849959,0.21269579554822754,0.5877988458367683,0.7873042044517725,0.14179719703215168,15.377906976744185,20.0,20.0,1.0,0.9083578763450587
293.0,1071.129102905222,469.26860882835024,100.11362824562006,100.11362824562006,12.514203530702508,68,0.8031173092698933,0.21410992616899097,0.5890073831009024,0.7858900738310091,0.14109926168990977,15.377906976744185,20.0,20.0,1.0,0.90782323804993
294.0,354.75276699811633,210.268576033248,100.16979879930355,100.16979879930355,12.521224849912944,67,0.8042588042588042,0.21457821457821458,0.5896805896805897,0.7854217854217854,0.14086814086814087,15.377906976744185,20.0,20.0,1.0,0.9072213532049129
295.0,514.498211659031,253.57352715654855,100.22070404151427,100.22070404151428,12.527588005189285,65,0.8063725490196079,0.21568627450980393,0.5906862745098039,0.7843137254901961,0.14052287581699346,15.377906976744185,20.0,20.0,1.0,0.9065416147839388
296.0,1431.6741013257365,1326.7954835350251,100.26649243005333,100.26649243005336,12.53331155375667,67,0.8045602605863192,0.21579804560260588,0.5887622149837134,0.7842019543973942,0.14087947882736157,15.38150289017341,20.0,20.0,1.0,0.9057748524470283
297.0,1017.3248337799654,953.6679323684787,100.31672902336918,100.31672902336919,12.539591127921149,68,0.8030794165316045,0.21555915721231766,0.5875202593192869,0.7844408427876823,0.14181523500810372,15.388571428571428,20.0,20.0,1.0,0.9049247033311164
298.0,411.79351936506214,411.79351936506214,100.4012172200004,100.40121722000045,12.550152152500056,68,0.8027485852869847,0.21503637833468067,0.587712206952304,0.7849636216653193,0.14227970897332257,15.346590909090908,20.0,20.0,1.0,0.9040285107065015
299.0,1290.7570969291864,819.8218867970511,101.4746431671119,101.47464316711192,12.68433039588899,69,0.8016064257028113,0.21686746987951808,0.5847389558232932,0.7831325301204819,0.1429718875502008,15.376404494382022,20.0,20.0,1.0,0.8927563014588449
300.0,1014.2153163377525,622.5964066060503,101.59144167005157,101.59144167005158,12.698930208756448,70,0.8017585931254996,0.2182254196642686,0.583533173461231,0.7817745803357314,0.14228617106314947,15.376404494382022,20.0,20.0,1.0,0.8920149195152177
301.0,2271.598087178561,951.5048556249926,100.85568321238584,100.85568321238586,12.606960401548232,70,0.801909307875895,0.2203659506762132,0.5815433571996818,0.7796340493237868,0.1424025457438345,15.402234636871508,20.0,20.0,1.0,0.9008884844282544
302.0,241.33477657133776,162.21899536592193,101.9520897951865,101.9520897951865,12.744011224398312,67,0.8047619047619048,0.22063492063492063,0.5841269841269842,0.7793650793650794,0.14206349206349206,15.402234636871508,20.0,20.0,1.0,0.8893162127252391
303.0,1535.3709558020073,1046.0566563005907,101.1230107013431,101.1230107013431,12.640376337667888,66,0.8061708860759493,0.22072784810126583,0.5854430379746836,0.7792721518987342,0.14161392405063292,15.402234636871508,20.0,20.0,1.0,0.898441387268182
304.0,0.0,0.0,101.94439366458101,101.94439366458103,12.743049208072629,61,0.8093354430379747,0.22072784810126583,0.5886075949367089,0.7792721518987342,0.14240506329113925,15.427777777777777,20.0,20.0,1.0,0.889360801263344
305.0,64.28739052253152,64.28739052253152,101.30821094846378,101.30821094846378,12.663526368557973,59,0.8096366508688784,0.22037914691943128,0.5892575039494471,0.7796208530805687,0.14375987361769352,15.43956043956044,20.0,20.0,1.0,0.897311987469493
306.0,782.9167656118623,467.0243664374497,102.12722163610717,102.12722163610717,12.765902704513396,59,0.8105345911949685,0.22169811320754718,0.5888364779874213,0.7783018867924528,0.1430817610062893,15.43956043956044,20.0,20.0,1.0,0.8889263692329635
307.0,524.8656522906044,524.8656522906044,104.77282916311549,104.7728291631155,13.096603645389438,57,0.8116169544740973,0.22135007849293564,0.5902668759811617,0.7786499215070644,0.14364207221350078,15.404371584699453,20.0,20.0,1.0,0.9190373994445514
308.0,884.485455774285,884.485455774285,104.8015876665084,104.8015876665084,13.10019845831355,57,0.8126463700234192,0.22014051522248243,0.5925058548009368,0.7798594847775175,0.14285714285714285,15.404371584699453,20.0,20.0,1.0,0.9191211189129088
309.0,416.82763848643265,277.34126833858386,107.25765778369265,107.25765778369264,13.40720722296158,55,0.8146417445482866,0.220404984423676,0.5942367601246106,0.7795950155763239,0.1425233644859813,15.404371584699453,20.0,20.0,1.0,0.9465247352034599
310.0,137.32420934569274,137.32420934569274,107.30818436453488,107.30818436453488,13.41352304556686,56,0.8140077821011673,0.22023346303501945,0.5937743190661479,0.7797665369649806,0.1424124513618677,15.404371584699453,20.0,20.0,1.0,0.9472034824903486
311.0,711.63433075448,711.63433075448,107.81817066186935,107.81817066186933,13.477271332733666,54,0.8159937888198758,0.21972049689440995,0.5962732919254659,0.78027950310559,0.1420807453416149,15.404371584699453,20.0,20.0,1.0,0.9456383932342564
312.0,1673.3539551659378,1168.1143137882777,104.84012966553372,104.84012966553371,13.105016208191714,53,0.8174787316318639,0.21964423820572312,0.5978344934261408,0.7803557617942769,0.14153132250580047,15.404371584699453,20.0,20.0,1.0,0.9118196507908228
313.0,268.2743604775189,268.2743604775189,107.24027356456263,107.24027356456263,13.405034195570328,51,0.8191653786707882,0.21947449768160743,0.5996908809891809,0.7805255023183926,0.14142194744976816,15.404371584699453,20.0,20.0,1.0,0.940509468201861
314.0,1779.567657264928,789.6856991307557,107.23726636530138,107.23726636530137,13.40465829566267,53,0.8181818181818182,0.21956856702619415,0.598613251155624,0.7804314329738059,0.14098613251155623,15.404371584699453,20.0,20.0,1.0,0.940491303119319
315.0,114.92398861306359,0.0,107.22011711080276,107.22011711080276,13.402514638850345,52,0.8190916089299461,0.2201693610469592,0.5989222478829869,0.7798306389530408,0.14087759815242495,15.404371584699453,20.0,20.0,1.0,0.9404025581892776
316.0,802.3965021911115,802.3965021911115,107.18878175272437,107.18878175272437,13.398597719090546,51,0.8201383551114527,0.21983089930822444,0.6003074558032283,0.7801691006917756,0.14066102997694083,15.404371584699453,20.0,20.0,1.0,0.9402444046626134
317.0,375.17312338106524,375.17312338106524,107.55327268339012,107.5532726833901,13.444159085423763,49,0.8220858895705522,0.21932515337423314,0.602760736196319,0.7806748466257669,0.14033742331288343,15.404371584699453,20.0,20.0,1.0,0.9525875216151812
318.0,1490.4559799441522,1213.6518430742249,107.53397528518313,107.53397528518315,13.441746910647893,51,0.8213740458015267,0.21908396946564884,0.6022900763358778,0.7809160305343511,0.13969465648854962,15.404371584699453,20.0,20.0,1.0,0.9530467172023291
319.0,175.8814078546402,137.748617377608,107.50129982018709,107.50129982018709,13.437662477523386,50,0.8225437928408226,0.21934501142421933,0.6031987814166032,0.7806549885757806,0.13937547600913938,15.404371584699453,20.0,20.0,1.0,0.9534291483436175
320.0,518.5555893470299,518.5555893470299,107.45054841091553,107.45054841091553,13.431318551364441,51,0.8223234624145785,0.21867881548974943,0.6036446469248291,0.7813211845102506,0.13895216400911162,15.404371584699453,20.0,20.0,1.0,0.9537725606195984
321.0,53.617388702692345,53.617388702692345,107.46095388620476,107.46095388620476,13.432619235775595,51,0.8225928733889311,0.21834723275208492,0.604245640636846,0.7816527672479151,0.13874147081122062,15.404371584699453,20.0,20.0,1.0,0.9541344952611209
322.0,1545.8835705262068,1545.8835705262068,100.32025024535619,100.32025024535618,12.540031280669522,55,0.820377358490566,0.21735849056603773,0.6030188679245283,0.7826415094339623,0.13811320754716983,15.404371584699453,20.0,20.0,1.0,0.914642567655045
323.0,675.1156019097364,675.1156019097364,101.98477356864089,101.98477356864088,12.74809669608011,54,0.8207831325301205,0.21686746987951808,0.6039156626506024,0.7831325301204819,0.13855421686746988,15.423913043478262,20.0,20.0,1.0,0.890642050389302
324.0,693.7004853411145,654.9352540102678,101.84028653355395,101.84028653355395,12.730035816694244,56,0.8184546136534133,0.21680420105026257,0.6016504126031508,0.7831957989497375,0.13953488372093023,15.451612903225806,20.0,20.0,1.0,0.8912145014170603
325.0,1150.8616239066114,1150.8616239066114,100.23404738079856,100.23404738079854,12.529255922599818,58,0.8173652694610778,0.21631736526946108,0.6010479041916168,0.7836826347305389,0.13922155688622753,15.451612903225806,20.0,20.0,1.0,0.9084804740677905
326.0,111.14250890836902,111.14250890836902,100.14912098713503,100.14912098713505,12.518640123391881,58,0.8176382660687593,0.21599402092675635,0.601644245142003,0.7840059790732437,0.13901345291479822,15.451612903225806,20.0,20.0,1.0,0.9092226572889641
327.0,586.5080212165429,586.5080212165429,100.97224705368897,100.972247053689,12.621530881711125,59,0.8166915052160953,0.21535022354694486,0.6013412816691506,0.7846497764530551,0.13934426229508196,15.475935828877006,20.0,20.0,1.0,0.8995257993884851
328.0,2489.02604266547,2077.8136222447138,100.85561765166676,100.85561765166676,12.606952206458345,61,0.8162962962962963,0.21481481481481482,0.6014814814814815,0.7851851851851852,0.1385185185185185,15.475935828877006,20.0,20.0,1.0,0.9009274291997473
329.0,2011.6895671530374,1991.8741275814673,103.17192864653133,103.17192864653136,12.89649108081642,67,0.8130978660779985,0.2141280353200883,0.5989698307579102,0.7858719646799117,0.13760117733627666,15.475935828877006,20.0,20.0,1.0,0.9164577083245791
330.0,786.2063824758509,563.487656475724,100.68048977167707,100.68048977167706,12.585061221459632,69,0.8118594436310396,0.21522693997071743,0.5966325036603221,0.7847730600292826,0.1376281112737921,15.48404255319149,20.0,20.0,1.0,0.9032187161227556
331.0,752.8037875497631,381.75630039474845,100.5151268361995,100.51512683619951,12.56439085452494,68,0.8132749817651349,0.21663019693654267,0.5966447848285923,0.7833698030634574,0.13712618526622902,15.48404255319149,20.0,20.0,1.0,0.9047698941321801
332.0,1223.6361596102404,33.67257578438476,99.63659524654362,99.63659524654364,12.454574405817954,65,0.8158660844250364,0.21761280931586607,0.5982532751091703,0.7823871906841339,0.13682678311499272,15.48404255319149,20.0,20.0,1.0,0.9139436260646742
333.0,2268.9795921843547,2268.9795921843547,100.24127397819161,100.24127397819163,12.530159247273954,68,0.813633067440174,0.21682378535170413,0.59680928208847,0.7831762146482959,0.13705583756345177,15.492063492063492,20.0,20.0,1.0,0.9077232989664483
334.0,223.56511151101108,223.56511151101108,100.1731144141061,100.17311441410611,12.521639301763264,67,0.8144927536231884,0.21666666666666667,0.5978260869565217,0.7833333333333333,0.13695652173913042,15.492063492063492,20.0,20.0,1.0,0.9091649884919303
335.0,958.766148738492,773.6295556287857,100.10893321525928,100.10893321525928,12.51361665190741,70,0.8124098124098124,0.21717171717171718,0.5952380952380952,0.7828282828282829,0.1370851370851371,15.48421052631579,20.0,20.0,1.0,0.9105310085816511
336.0,458.84564780109895,372.9379690338957,100.03970656123806,100.03970656123806,12.504963320154758,71,0.8122302158273381,0.21726618705035972,0.5949640287769784,0.7827338129496403,0.1366906474820144,15.48421052631579,20.0,20.0,1.0,0.9118052625837201
337.0,1682.8334116572546,1043.422362556832,101.10774743114116,101.10774743114116,12.638468428892645,73,0.8117394416607016,0.21832498210450965,0.5934144595561919,0.7816750178954903,0.13600572655690765,15.48421052631579,20.0,20.0,1.0,0.8987043139124204
338.0,833.3550418795572,586.4230576147721,101.05304952559011,101.05304952559013,12.631631190698766,70,0.8137044967880086,0.21841541755888652,0.5952890792291221,0.7815845824411135,0.1363311920057102,15.497382198952879,20.0,20.0,1.0,0.8992822001493281
339.0,508.00514801812136,297.2311997436955,100.54920378396307,100.54920378396308,12.568650472995385,70,0.8135231316725978,0.2185053380782918,0.5950177935943061,0.7814946619217081,0.13665480427046264,15.5,20.0,20.0,1.0,0.9037759364843896
340.0,396.6743365467777,350.5092758059204,100.52183729380708,100.5218372938071,12.565229661725887,68,0.8153409090909091,0.21875,0.5965909090909091,0.78125,0.13636363636363635,15.5,20.0,20.0,1.0,0.9037678716758732
341.0,1523.2856060826105,1082.0744563633414,101.86571800291439,101.8657180029144,12.7332147503643,74,0.8125440451021846,0.21987315010570824,0.5926708949964764,0.7801268498942917,0.13530655391120508,15.5,20.0,20.0,1.0,0.8861057925445112
342.0,1003.9579371856892,1003.9579371856892,100.45319614519816,100.45319614519818,12.556649518149772,74,0.8132022471910112,0.21910112359550563,0.5941011235955056,0.7808988764044944,0.1348314606741573,15.5,20.0,20.0,1.0,0.90349122341756
343.0,973.8417507634808,973.8417507634808,101.7992458037538,101.79924580375382,12.724905725469227,75,0.8124562631210637,0.21833449965010496,0.5941217634709587,0.781665500349895,0.1350594821553534,15.50259067357513,20.0,20.0,1.0,0.8854442600849101
344.0,1337.8239387633573,417.93243522103717,101.06623569955583,101.06623569955583,12.633279462444479,74,0.8139372822299652,0.22020905923344947,0.5937282229965157,0.7797909407665505,0.13449477351916375,15.50259067357513,20.0,20.0,1.0,0.8915351202904507
345.0,1770.409707741171,779.1612236923761,101.172923889706,101.17292388970601,12.646615486213252,75,0.8142758142758143,0.22176022176022175,0.5925155925155925,0.7782397782397782,0.13374913374913375,15.50259067357513,20.0,20.0,1.0,0.8893096077369507
346.0,12.582080028222116,0.0,101.63707227121546,101.63707227121547,12.704634033901934,72,0.8157894736842105,0.22229916897506924,0.5934903047091413,0.7777008310249307,0.13434903047091412,15.525773195876289,20.0,20.0,1.0,0.8844824903622983
347.0,92.81128887010686,92.81128887010686,100.55398926246633,100.55398926246633,12.569248657808291,71,0.8167358229598893,0.22199170124481327,0.5947441217150761,0.7780082987551867,0.13416320885200553,15.525773195876289,20.0,20.0,1.0,0.893688713936588
348.0,1076.7757298670913,508.5549948458901,100.44904847727754,100.44904847727754,12.556131059659693,67,0.8198757763975155,0.2222222222222222,0.5976535541752933,0.7777777777777778,0.13388543823326432,15.525773195876289,20.0,20.0,1.0,0.8936511438018043
349.0,227.5286150743058,118.87353761254795,102.28219676196876,102.28219676196878,12.785274595246097,60,0.8249483115093039,0.22260509993108202,0.6023432115782219,0.777394900068918,0.13370089593383874,15.525773195876289,20.0,20.0,1.0,0.903377232665623
350.0,402.74605159574827,402.74605159574827,102.23031597238462,102.23031597238462,12.778789496548077,60,0.8254295532646048,0.2219931271477663,0.6034364261168385,0.7780068728522337,0.13333333333333333,15.525773195876289,20.0,20.0,1.0,0.9034379959684511
351.0,540.5661576495108,540.5661576495108,102.17610484383333,102.17610484383333,12.772013105479166,61,0.8251028806584362,0.2215363511659808,0.6035665294924554,0.7784636488340192,0.13305898491083676,15.525773195876289,20.0,20.0,1.0,0.9034915961190938
352.0,485.90042350419566,485.90042350419566,100.74369005461432,100.74369005461433,12.592961256826792,62,0.8240930869267625,0.22108145106091717,0.6030116358658453,0.7789185489390829,0.13347022587268995,15.507692307692308,20.0,20.0,1.0,0.8860298615169534
353.0,277.80515621453515,277.80515621453515,100.68542015248399,100.68542015248399,12.585677519060498,61,0.8252559726962457,0.2204778156996587,0.604778156996587,0.7795221843003413,0.13310580204778158,15.507692307692308,20.0,20.0,1.0,0.8855936871165564
354.0,405.31598445902563,405.31598445902563,100.1574212125385,100.15742121253848,12.51967765156731,62,0.8248125426039536,0.2201772324471711,0.6046353101567825,0.7798227675528289,0.1329243353783231,15.507692307692308,20.0,20.0,1.0,0.8901186050515913
355.0,523.2933702451828,508.30019532801543,99.00410814912712,99.00410814912713,12.375513518640892,59,0.826530612244898,0.22040816326530613,0.6061224489795919,0.7795918367346939,0.13333333333333333,15.520408163265307,20.0,20.0,1.0,0.9045748433077543
356.0,190.9369921818351,8.0,100.19216040147485,100.19216040147487,12.524020050184358,56,0.828125,0.22078804347826086,0.6073369565217391,0.7792119565217391,0.13383152173913043,15.49238578680203,20.0,20.0,1.0,0.8899592079424727
357.0,245.15453925691526,245.15453925691526,100.81284307388273,100.81284307388275,12.601605384235343,54,0.8297150610583447,0.22048846675712347,0.6092265943012212,0.7795115332428765,0.13364993215739485,15.49238578680203,20.0,20.0,1.0,0.8844370879592982
358.0,1123.6592335883577,813.8730691683878,100.85363503020002,100.85363503020004,12.606704378775005,54,0.8300609343263372,0.2207176709546378,0.6093432633716994,0.7792823290453622,0.13337846987136087,15.49238578680203,20.0,20.0,1.0,0.8841836026708638
359.0,53.81061300996436,53.81061300996436,99.44963630435456,99.44963630435458,12.431204538044323,53,0.8309668695064233,0.22041920216362407,0.6105476673427992,0.7795807978363759,0.13319810682893848,15.49238578680203,20.0,20.0,1.0,0.9032850586778309
360.0,167.93891921596824,167.93891921596824,99.29044047426363,99.29044047426362,12.411305059282952,53,0.8306342780026991,0.21997300944669365,0.6106612685560054,0.7800269905533064,0.13360323886639677,15.515151515151516,20.0,20.0,1.0,0.9046234457825763
361.0,230.90062268709957,230.90062268709957,99.75949581771141,99.75949581771141,12.469936977213926,50,0.8328840970350404,0.2196765498652291,0.6132075471698113,0.7803234501347709,0.1334231805929919,15.515151515151516,20.0,20.0,1.0,0.8958678155083266
362.0,1250.076153559917,1250.076153559917,102.27278201884846,102.27278201884845,12.784097752356056,51,0.8328859060402685,0.21879194630872484,0.6140939597315436,0.7812080536912752,0.13288590604026845,15.515151515151516,20.0,20.0,1.0,0.9055204892519099
363.0,1182.8176359094364,1182.8176359094364,102.23177801681662,102.23177801681662,12.778972252102077,50,0.8340026773761714,0.2182061579651941,0.6157965194109772,0.7817938420348058,0.13253012048192772,15.515151515151516,20.0,20.0,1.0,0.9050790502303174
364.0,1181.1690077704575,992.8194668610176,102.18565877329765,102.18565877329765,12.773207346662206,52,0.8332221480987325,0.2181454302868579,0.6150767178118746,0.781854569713142,0.13208805870580387,15.515151515151516,20.0,20.0,1.0,0.9046466771533073
365.0,483.03813191837634,483.03813191837634,103.87607554457081,103.87607554457081,12.984509443071351,50,0.8347768154563624,0.217854763491006,0.6169220519653564,0.782145236508994,0.13191205862758162,15.515151515151516,20.0,20.0,1.0,0.937965054416879
366.0,0.0,0.0,103.85172497309158,103.85172497309158,12.981465621636447,50,0.8347768154563624,0.217854763491006,0.6169220519653564,0.782145236508994,0.13191205862758162,15.515151515151516,20.0,20.0,1.0,0.9375703373742861
367.0,1198.0245024673059,661.1316398181943,103.83377254607018,103.83377254607018,12.979221568258772,56,0.8316766070245195,0.21736249171636846,0.614314115308151,0.7826375082836315,0.1312127236580517,15.515151515151516,20.0,20.0,1.0,0.937238765262368
368.0,302.87492224844914,302.87492224844914,103.86479593630301,103.864795936303,12.983099492037875,56,0.8313492063492064,0.21693121693121692,0.6144179894179894,0.783068783068783,0.13161375661375663,15.517587939698492,20.0,20.0,1.0,0.9371055684127939
369.0,1278.3269047303684,812.7864544194906,101.28508998924588,101.28508998924586,12.660636248655733,57,0.8302631578947368,0.21842105263157896,0.6118421052631579,0.781578947368421,0.13223684210526315,15.502487562189055,20.0,20.0,1.0,0.9298359949702509
370.0,710.2646937241833,710.2646937241833,100.43421822925158,100.43421822925157,12.554277278656446,56,0.831143232588699,0.21813403416557162,0.6130091984231275,0.7818659658344284,0.13206307490144548,15.502487562189055,20.0,20.0,1.0,0.9406484474193604
371.0,0.0,0.0,101.40644824411176,101.40644824411177,12.675806030513971,52,0.8331143232588699,0.21813403416557162,0.6149802890932983,0.7818659658344284,0.13272010512483573,15.524752475247524,20.0,20.0,1.0,0.9313173733279358
372.0,1012.4489226834241,1012.4489226834241,104.57969240055829,97.08086116865309,12.135107646081636,52,0.8322411533420708,0.21756225425950196,0.6146788990825688,0.7824377457404981,0.13368283093053734,15.53921568627451,20.0,20.0,1.0,0.9477840195589045
373.0,766.813519246716,766.813519246716,105.31661587948255,105.31661587948253,13.164576984935316,54,0.8313725490196079,0.2169934640522876,0.6143790849673203,0.7830065359477124,0.13333333333333333,15.53921568627451,20.0,20.0,1.0,0.9751058526628983
374.0,1026.010230262265,1026.010230262265,105.39113727862491,105.3911372786249,13.173892159828112,56,0.8299674267100977,0.21628664495114006,0.6136807817589577,0.78371335504886,0.13355048859934854,15.521951219512195,20.0,20.0,1.0,0.9754176449310801
375.0,529.1165384033205,188.92760107852274,105.4674135282772,105.4674135282772,13.18342669103465,52,0.8309492847854356,0.21716514954486346,0.6137841352405722,0.7828348504551366,0.1352405721716515,15.54326923076923,20.0,20.0,1.0,0.9756772981546292
376.0,994.3583467807644,610.6095863103811,105.54528626857909,105.54528626857906,13.193160783572383,55,0.8294422827496758,0.2172503242542153,0.6121919584954605,0.7827496757457847,0.13488975356679636,15.54326923076923,20.0,20.0,1.0,0.9758808930610386
377.0,2310.0710589962137,1857.5505191577035,105.62452425931014,105.6245242593101,13.203065532413763,55,0.8294573643410853,0.21834625322997417,0.6111111111111112,0.7816537467700259,0.13501291989664083,15.555023923444976,20.0,20.0,1.0,0.9760250369434912
378.0,547.097792910595,547.097792910595,103.94951433394851,103.94951433394851,12.993689291743564,56,0.8286082474226805,0.21778350515463918,0.6108247422680413,0.7822164948453608,0.13530927835051546,15.561904761904762,20.0,20.0,1.0,0.9362058708613743
379.0,358.0716154266743,223.4719108472127,104.02737731046012,104.02737731046011,13.003422163807514,57,0.8282958199356913,0.21864951768488747,0.6096463022508039,0.7813504823151125,0.13504823151125403,15.561904761904762,20.0,20.0,1.0,0.9363744889776344
380.0,1395.003466144226,674.2078922585391,104.10550353703037,104.10550353703036,13.013187942128795,59,0.8277848911651728,0.21959026888604352,0.6081946222791293,0.7804097311139565,0.13444302176696543,15.561904761904762,20.0,20.0,1.0,0.9364803475168887
381.0,1000.0933314015255,279.6643822131402,104.18339144883262,104.1833914488326,13.022923931104074,59,0.8282247765006385,0.22030651340996169,0.6079182630906769,0.7796934865900383,0.13409961685823754,15.561904761904762,20.0,20.0,1.0,0.936522270053939
382.0,640.3114094966229,278.8056973655477,104.26047604714715,104.26047604714714,13.032559505893392,58,0.8292993630573249,0.22101910828025478,0.60828025477707,0.7789808917197453,0.1337579617834395,15.561904761904762,20.0,20.0,1.0,0.9364996477506989
383.0,763.0033766408565,763.0033766408565,102.58379907021161,102.58379907021161,12.822974883776451,59,0.8290978398983482,0.2204574332909784,0.6086404066073697,0.7795425667090216,0.13341804320203304,15.561904761904762,20.0,20.0,1.0,0.902900179807214
384.0,625.1909019577206,625.1909019577206,101.03322261234793,101.03322261234791,12.62915282654349,59,0.829531051964512,0.21989860583016477,0.6096324461343473,0.7801013941698353,0.13307984790874525,15.561904761904762,20.0,20.0,1.0,0.9233652639629316
385.0,1606.7983898192426,1606.7983898192426,102.508665920438,102.50866592043798,12.813583240054747,62,0.8281743524952622,0.21920404295641188,0.6089703095388502,0.7807959570435882,0.1326595072646873,15.561904761904762,20.0,20.0,1.0,0.903527750486075
386.0,1966.8252853890508,1859.7733651652597,101.04630404580367,101.04630404580365,12.630788005725456,65,0.8261964735516373,0.21914357682619648,0.6070528967254408,0.7808564231738035,0.13287153652392947,15.578199052132701,20.0,20.0,1.0,0.897886435844511
387.0,1606.5704983141313,845.1742983960427,101.45464190891579,101.45464190891578,12.681830238614472,60,0.8291457286432161,0.21922110552763818,0.6099246231155779,0.7807788944723618,0.13316582914572864,15.575471698113208,20.0,20.0,1.0,0.8901566091180926
388.0,157.65105420011196,29.047465725853783,102.12492458731327,102.12492458731327,12.76561557341416,59,0.8299874529485571,0.21957340025094102,0.6104140526976161,0.7804265997490589,0.1329987452948557,15.575471698113208,20.0,20.0,1.0,0.8843624115726141
389.0,278.8915891111154,278.8915891111154,102.27142218794856,102.27142218794856,12.78392777349357,57,0.831453634085213,0.21929824561403508,0.6121553884711779,0.7807017543859649,0.13283208020050125,15.575471698113208,20.0,20.0,1.0,0.8838101957933184
390.0,1148.979558499495,920.9514880679895,102.41017945644857,102.41017945644857,12.801272432056072,60,0.8302122347066168,0.21910112359550563,0.6111111111111112,0.7808988764044944,0.132334581772784,15.575471698113208,20.0,20.0,1.0,0.8831896899203381
391.0,199.38616150508605,0.0,102.53978148858468,102.53978148858468,12.817472686073085,60,0.8303181534622582,0.2195882719900187,0.6107298814722395,0.7804117280099813,0.132252027448534,15.575471698113208,20.0,20.0,1.0,0.8825060484393941
392.0,1172.1464314116283,1172.1464314116283,102.85559021987899,102.85559021987902,12.856948777484877,59,0.8312577833125778,0.2191780821917808,0.612079701120797,0.7808219178082192,0.1320049813200498,15.575471698113208,20.0,20.0,1.0,0.880479329678928
393.0,545.0777585479353,545.0777585479353,102.95012044821434,102.95012044821434,12.868765056026792,59,0.8315724052206339,0.218769422001243,0.612802983219391,0.781230577998757,0.13175885643256682,15.575471698113208,20.0,20.0,1.0,0.8799111010687727
394.0,1530.971323731584,1073.7627454284745,102.84195605865747,102.84195605865747,12.855244507332184,59,0.8321981424148607,0.21857585139318886,0.6136222910216719,0.7814241486068112,0.13126934984520125,15.575471698113208,20.0,20.0,1.0,0.8808873758669626
395.0,805.0204118288424,805.0204118288424,102.0435963032245,102.04359630322452,12.755449537903065,62,0.8302469135802469,0.21790123456790123,0.6123456790123457,0.7820987654320988,0.13148148148148148,15.5962441314554,20.0,20.0,1.0,0.8889731736320635
396.0,909.0074442871612,646.7431771164229,104.81948107086116,104.81948107086116,13.102435133857645,60,0.8310727496917386,0.218249075215783,0.6128236744759556,0.781750924784217,0.1319358816276202,15.616822429906541,20.0,20.0,1.0,0.9171941054138962
397.0,603.7980982207973,292.48222729460656,105.23786898206194,105.23786898206194,13.154733622757742,60,0.8316953316953317,0.2199017199017199,0.6117936117936118,0.7800982800982801,0.13144963144963145,15.616822429906541,20.0,20.0,1.0,0.9150408802324294
398.0,1107.1087049639304,1107.1087049639304,105.20686175557363,105.20686175557361,13.150857719446702,60,0.8321078431372549,0.2193627450980392,0.6127450980392157,0.7806372549019608,0.13112745098039216,15.616822429906541,20.0,20.0,1.0,0.9157474559241384
399.0,539.4094777533988,539.4094777533988,105.52882342454663,105.52882342454664,13.19110292806833,61,0.8311926605504587,0.21896024464831804,0.6122324159021407,0.7810397553516819,0.13149847094801223,15.613953488372093,20.0,20.0,1.0,0.9140943593366128
400.0,1087.2609487579034,807.244464028389,105.13443409804712,105.13443409804712,13.14180426225589,61,0.8317073170731707,0.21890243902439024,0.6128048780487805,0.7810975609756098,0.13109756097560976,15.613953488372093,20.0,20.0,1.0,0.9170141919104758
401.0,743.5008777242201,478.6429859685066,104.74206322481452,104.74206322481453,13.092757903101816,61,0.8315085158150851,0.21897810218978103,0.6125304136253041,0.781021897810219,0.13138686131386862,15.63425925925926,20.0,20.0,1.0,0.9218595876197758
402.0,420.8646351994637,0.0,104.74765514437009,104.74765514437007,13.093456893046259,60,0.8324225865209471,0.2204007285974499,0.6120218579234973,0.7795992714025501,0.13114754098360656,15.63425925925926,20.0,20.0,1.0,0.9223582530410448
403.0,275.2618109605636,275.2618109605636,105.25352545710425,105.25352545710425,13.15669068213803,58,0.8338386901152214,0.22013341419041843,0.613705275924803,0.7798665858095816,0.13098847786537296,15.63425925925926,20.0,20.0,1.0,0.91812032619828
404.0,177.54130931141418,177.54130931141418,105.2197159954848,105.2197159954848,13.1524644994356,57,0.8347457627118644,0.21973365617433413,0.6150121065375302,0.7802663438256658,0.13075060532687652,15.63425925925926,20.0,20.0,1.0,0.9186809222906817
405.0,198.79801057004414,111.9133294411126,104.77962306912697,104.77962306912697,13.097452883640871,53,0.8362537764350453,0.2199395770392749,0.6163141993957704,0.7800604229607251,0.13172205438066464,15.605504587155963,20.0,20.0,1.0,0.9227138601267748
406.0,268.9378423215097,268.9378423215097,105.14943953225598,105.14943953225597,13.143679941531996,52,0.8371531966224367,0.2195416164053076,0.617611580217129,0.7804583835946924,0.13148371531966224,15.605504587155963,20.0,20.0,1.0,0.9192454724460163
407.0,918.2659343350944,822.6268707930925,105.11857831502877,105.11857831502877,13.139822289378596,53,0.8370414912808178,0.21948286229705352,0.6175586289837642,0.7805171377029465,0.13108839446782922,15.605504587155963,20.0,20.0,1.0,0.9191849235766529
408.0,579.1450950091207,162.76262135669288,104.8233043712636,104.8233043712636,13.10291304640795,54,0.8362327534493101,0.22015596880623875,0.6160767846430714,0.7798440311937612,0.131373725254949,15.60730593607306,20.0,20.0,1.0,0.9212167014790652
409.0,565.3107407656312,565.3107407656312,104.65091216706931,104.65091216706931,13.081364020883663,55,0.8359281437125748,0.21976047904191617,0.6161676646706586,0.7802395209580838,0.1311377245508982,15.60730593607306,20.0,20.0,1.0,0.9220869094800472
410.0,84.85365729985465,84.85365729985465,104.01484971767584,104.01484971767583,13.001856214709479,51,0.8379186602870813,0.21949760765550239,0.618421052631579,0.7805023923444976,0.13157894736842105,15.618181818181819,20.0,20.0,1.0,0.9282402255392536
411.0,672.4636122557372,672.4636122557372,103.96158747761638,103.96158747761636,12.995198434702045,55,0.8359188544152745,0.21897374701670644,0.616945107398568,0.7810262529832935,0.13126491646778043,15.618181818181819,20.0,20.0,1.0,0.9282601364436616
412.0,865.3257643118311,701.4220290126502,103.92079899661675,103.92079899661675,12.990099874577094,58,0.8348187759952466,0.21865715983363043,0.6161616161616161,0.7813428401663696,0.13071895424836602,15.618181818181819,20.0,20.0,1.0,0.9282847250365425
413.0,1975.733806128946,1847.5595822873736,104.55296066175443,104.5529606617544,13.0691200827193,62,0.83274231678487,0.21926713947990545,0.6134751773049646,0.7807328605200946,0.13061465721040189,15.588235294117647,20.0,20.0,1.0,0.921247672311005
414.0,908.4331066610634,401.1274792001202,104.7430432936486,104.74304329364858,13.092880411706073,60,0.833922261484099,0.21967020023557127,0.6142520612485277,0.7803297997644287,0.13074204946996468,15.59009009009009,20.0,20.0,1.0,0.9257717466640706
415.0,111.46125503685202,111.46125503685202,106.22161471749334,106.22161471749332,13.277701839686666,59,0.8349001175088132,0.2191539365452409,0.6157461809635723,0.7808460634547592,0.13043478260869565,15.59009009009009,20.0,20.0,1.0,0.9410856679672057
416.0,1722.0557266100134,1206.762066030951,102.91348877999386,102.91348877999386,12.864186097499232,61,0.8342120679554774,0.21968365553602812,0.6145284124194493,0.7803163444639719,0.13005272407732865,15.59009009009009,20.0,20.0,1.0,0.9120286985281097
417.0,1348.7827987503863,1225.8489037044765,101.87643140063128,101.87643140063129,12.734553925078911,62,0.8340151957919345,0.21975452951490357,0.614260666277031,0.7802454704850964,0.12974868497954412,15.59009009009009,20.0,20.0,1.0,0.8893754877439312
418.0,588.6518557914594,298.23415526104486,100.92277256454223,100.92277256454223,12.615346570567779,58,0.835960303561004,0.22008172796263864,0.6158785755983655,0.7799182720373613,0.13018096906012844,15.605381165919283,20.0,20.0,1.0,0.8988840281978083
419.0,372.03120111123013,372.03120111123013,100.85157085169625,100.85157085169627,12.606446356462033,57,0.8360560093348891,0.21995332555425903,0.6161026837806302,0.7800466744457409,0.1306884480746791,15.5625,20.0,20.0,1.0,0.8991613962380374
420.0,646.1746048652161,646.1746048652161,101.47143174136018,101.47143174136019,12.683928967670024,57,0.8358556461001164,0.21944121071012807,0.6164144353899884,0.780558789289872,0.1309662398137369,15.568888888888889,20.0,20.0,1.0,0.8920107056986366
421.0,513.0960694331186,200.73486609441852,99.75120580063205,99.75120580063204,12.468900725079004,54,0.8372093023255814,0.21976744186046512,0.6174418604651163,0.7802325581395348,0.1313953488372093,15.561946902654867,20.0,20.0,1.0,0.9155256513467933
422.0,433.2182006350827,433.2182006350827,99.41218127779024,96.9999136225902,12.124989202823775,55,0.8362369337979094,0.21951219512195122,0.6167247386759582,0.7804878048780488,0.13182346109175377,15.56387665198238,20.0,20.0,1.0,0.9174007032471555
423.0,314.3431208093219,140.2580509124265,103.18468120085994,103.18468120085993,12.898085150107491,56,0.8361320208453966,0.22003474232773595,0.6160972785176607,0.779965257672264,0.13144180660104227,15.56387665198238,20.0,20.0,1.0,0.9066657030368592
424.0,84.74890451513198,84.74890451513198,103.18086723351662,103.18086723351661,12.897608404189576,54,0.8368055555555556,0.2199074074074074,0.6168981481481481,0.7800925925925926,0.13194444444444445,15.56140350877193,20.0,20.0,1.0,0.9077216658775427
425.0,1479.6387851204154,1479.6387851204154,101.05509753631915,101.05509753631914,12.631887192039892,57,0.8354503464203233,0.21939953810623555,0.6160508083140878,0.7806004618937644,0.13163972286374134,15.56140350877193,20.0,20.0,1.0,0.8945850110014387
426.0,615.8643114889526,615.8643114889526,101.00955167441089,101.00955167441089,12.62619395930136,60,0.8342922899884925,0.2186421173762946,0.6156501726121979,0.7813578826237054,0.13118527042577677,15.56140350877193,20.0,20.0,1.0,0.8950954036400525
427.0,479.14647848069393,455.04119618942156,101.60870763951392,101.60870763951391,12.701088454939239,59,0.8346727898966705,0.21871412169919632,0.6159586681974741,0.7812858783008036,0.1314580941446613,15.56768558951965,20.0,20.0,1.0,0.889445498899564
428.0,218.9490648349822,218.9490648349822,101.58911214620632,101.5891121462063,12.698639018275788,62,0.8333333333333334,0.218213058419244,0.6151202749140894,0.781786941580756,0.1311569301260023,15.56768558951965,20.0,20.0,1.0,0.8893979805229901
429.0,538.0329861288283,508.79078803011686,101.57525850431571,101.39253388075977,12.674066735094971,59,0.8332381496287835,0.21816105082809822,0.6150770988006853,0.7818389491719018,0.13306681896059394,15.59656652360515,20.0,20.0,1.0,0.8892005748087954
430.0,927.7552190420543,447.83439727447256,101.55244165062408,101.55244165062405,12.694055206328006,60,0.8324786324786325,0.21823361823361823,0.6142450142450142,0.7817663817663818,0.13333333333333333,15.602564102564102,20.0,20.0,1.0,0.8889896042034319
431.0,1365.3296621513268,1365.3296621513268,101.86571800291439,101.8657180029144,12.7332147503643,61,0.832291074474133,0.21773735076748152,0.6145537237066515,0.7822626492325184,0.13303013075611142,15.602564102564102,20.0,20.0,1.0,0.8861057925445109
432.0,1201.7514015504196,843.9984801169179,101.47911767741417,101.47911767741417,12.68488970967677,62,0.8321995464852607,0.21768707482993196,0.6145124716553289,0.782312925170068,0.1326530612244898,15.602564102564102,20.0,20.0,1.0,0.8885583859043492
433.0,932.5391975264212,84.64113127798701,100.34289240638898,100.342892406389,12.542861550798625,56,0.834841628959276,0.21832579185520362,0.6165158371040724,0.7816742081447964,0.1334841628959276,15.61864406779661,20.0,20.0,1.0,0.9039394833118748
434.0,2316.9140837964887,917.4730344316044,99.98371005038068,99.9837100503807,12.497963756297587,55,0.835214446952596,0.21896162528216703,0.6162528216704289,0.781038374717833,0.13374717832957111,15.637130801687764,20.0,20.0,1.0,0.9063600249119017
435.0,2240.0522438827757,2240.0522438827757,99.49828941444267,99.49828941444267,12.437286176805333,62,0.8316498316498316,0.21773288439955107,0.6139169472502806,0.7822671156004489,0.1335578002244669,15.626050420168067,20.0,20.0,1.0,0.9110807376750611
436.0,1187.5596911361322,1187.5596911361322,98.87393800710839,98.87393800710839,12.359242250888549,64,0.8309070548712206,0.21724524076147816,0.6136618141097424,0.7827547592385219,0.13325867861142218,15.626050420168067,20.0,20.0,1.0,0.9165734450326932
437.0,962.4490558944999,703.0170515956929,99.19873017304226,99.19873017304229,12.399841271630287,66,0.8302624232272473,0.2171970965940815,0.6130653266331658,0.7828029034059185,0.1328866554997208,15.626050420168067,20.0,20.0,1.0,0.9121776761885004
438.0,735.6765595394231,735.6765595394231,99.11111634059587,99.11111634059588,12.388889542574486,69,0.8285077951002228,0.21659242761692651,0.6119153674832962,0.7834075723830735,0.13307349665924276,15.615062761506277,20.0,20.0,1.0,0.9118417636188778
439.0,210.9662389711761,123.03279598185185,99.02265909084194,99.02265909084194,12.377832386355243,70,0.8277777777777777,0.21666666666666667,0.6111111111111112,0.7833333333333333,0.13333333333333333,15.633333333333333,20.0,20.0,1.0,0.9114515119056574
440.0,476.1081815472384,119.75236221831545,100.2286958646375,100.22869586463752,12.52858698307969,69,0.8287139689578714,0.21729490022172948,0.6114190687361419,0.7827050997782705,0.13303769401330376,15.633333333333333,20.0,20.0,1.0,0.8935798818751666
441.0,812.0391212423477,812.0391212423477,99.14778009874706,99.14778009874706,12.393472512343383,71,0.827433628318584,0.2168141592920354,0.6106194690265486,0.7831858407079646,0.13329646017699115,15.647302904564315,20.0,20.0,1.0,0.9045910527742147
442.0,902.6203185576188,648.7816653952041,98.17841562997747,98.17841562997748,12.272301953747185,69,0.8282716731087797,0.21755935946990612,0.6107123136388736,0.7824406405300939,0.13362782992821645,15.652892561983471,20.0,20.0,1.0,0.9195108814477805
443.0,461.14765728089156,461.14765728089156,99.04600406923811,99.04600406923812,12.380750508654765,71,0.8274531422271224,0.21719955898566704,0.6102535832414554,0.782800441014333,0.13340683572216097,15.652892561983471,20.0,20.0,1.0,0.9063810784265955
444.0,1373.6618855812171,1083.54902882905,99.71094483495926,99.71094483495926,12.463868104369908,74,0.8263736263736263,0.2175824175824176,0.6087912087912087,0.7824175824175824,0.13296703296703297,15.652892561983471,20.0,20.0,1.0,0.8954957828128298
445.0,1097.465723296374,408.39214088245114,99.70507824903929,99.70507824903929,12.463134781129911,72,0.827945205479452,0.21863013698630138,0.6093150684931506,0.7813698630136986,0.1326027397260274,15.652892561983471,20.0,20.0,1.0,0.8952720810901358
446.0,2419.55807638501,1937.3050702349865,100.32822725923475,100.32822725923474,12.541028407404342,71,0.8281505728314239,0.2193126022913257,0.6088379705400983,0.7806873977086743,0.1331151118385161,15.65983606557377,20.0,20.0,1.0,0.889648555975234
447.0,904.7847033699109,643.5229572301682,99.18163371327657,99.18163371327655,12.39770421415957,72,0.8280739934711643,0.2192600652883569,0.6088139281828074,0.780739934711643,0.13275299238302501,15.65983606557377,20.0,20.0,1.0,0.901879198699037
448.0,681.2123358807197,681.2123358807197,100.40101751198787,100.4010175119879,12.550127188998488,71,0.8283541553503531,0.21890277023356872,0.6094513851167843,0.7810972297664313,0.13307984790874525,15.66938775510204,20.0,20.0,1.0,0.8890406772392738
449.0,1148.7471138665478,888.6003779646818,99.178486381241,99.17848638124103,12.397310797655129,70,0.8293607800650055,0.21939328277356446,0.609967497291441,0.7806067172264355,0.13271939328277357,15.66938775510204,20.0,20.0,1.0,0.904890638793978
450.0,273.10118954153086,0.0,100.4544870380267,100.45448703802671,12.556810879753339,67,0.8311688311688312,0.22023809523809523,0.6109307359307359,0.7797619047619048,0.13257575757575757,15.66938775510204,20.0,20.0,1.0,0.888473725518949
451.0,801.6722087284684,801.6722087284684,100.47383595148345,100.47383595148348,12.559229493935435,67,0.8314424635332253,0.21988114532685035,0.6115613182063749,0.7801188546731497,0.1323608860075635,15.66938775510204,20.0,20.0,1.0,0.8882063032729363
452.0,1831.5996079541153,1831.5996079541153,101.10350683501618,101.10350683501619,12.637938354377024,70,0.8304628632938643,0.21905274488697524,0.6114101184068891,0.7809472551130248,0.1318622174381055,15.66938775510204,20.0,20.0,1.0,0.8823380472656518
453.0,802.1269189972252,802.1269189972252,100.49798099686338,100.4979809968634,12.562247624607926,74,0.8287707997852926,0.21846484165324745,0.6103059581320451,0.7815351583467526,0.13150831991411702,15.66938775510204,20.0,20.0,1.0,0.8876977344348947
454.0,1921.3185865063679,1274.7174770838933,100.50301518693502,100.50301518693503,12.562876898366879,78,0.8274572649572649,0.21901709401709402,0.6084401709401709,0.780982905982906,0.13087606837606838,15.66938775510204,20.0,20.0,1.0,0.8874519971831074
455.0,180.00033777123627,180.00033777123627,100.50354827099558,100.50354827099558,12.562943533874448,69,0.8319103521878335,0.21878335112059766,0.6131270010672358,0.7812166488794023,0.13127001067235858,15.678861788617887,20.0,20.0,1.0,0.8872081316423399
456.0,274.00471891830676,274.00471891830676,100.51506466389927,100.51506466389928,12.56438308298741,67,0.8331556503198294,0.21855010660980811,0.6146055437100213,0.7814498933901919,0.13113006396588486,15.678861788617887,20.0,20.0,1.0,0.8871099573166734
457.0,1247.2667865337314,1028.8179577829987,99.74152959909567,99.74152959909566,12.467691199886957,63,0.83448642895157,0.21873336881319852,0.6157530601383715,0.7812666311868015,0.13198509845662587,15.69758064516129,20.0,20.0,1.0,0.8955629356152656
458.0,645.5057343095928,645.5057343095928,99.80683584200308,99.80683584200307,12.475854480250383,60,0.835725677830941,0.21850079744816586,0.6172248803827751,0.7814992025518341,0.13237639553429026,15.662650602409638,20.0,20.0,1.0,0.8959546729800063
459.0,419.5897273081547,419.5897273081547,100.76534061490146,100.76534061490146,12.595667576862683,61,0.8354564755838642,0.21815286624203822,0.6173036093418259,0.7818471337579618,0.1321656050955414,15.662650602409638,20.0,20.0,1.0,0.8869960826034758
460.0,703.4870312753242,128.5956869673467,100.65495982791215,100.65495982791217,12.58186997848902,61,0.8358920063525676,0.21916357861302277,0.6167284277395447,0.7808364213869773,0.13181577554261514,15.662650602409638,20.0,20.0,1.0,0.8896071768387049
461.0,1845.5339536010772,1845.5339536010772,100.76787833918124,100.76787833918124,12.595984792397655,67,0.8335089567966281,0.21812434141201265,0.6153846153846154,0.7818756585879874,0.13119072708113805,15.662650602409638,20.0,20.0,1.0,0.8895293231432524
462.0,985.0837346872001,932.5270590305734,100.87697732925888,100.87697732925886,12.609622166157358,69,0.832807570977918,0.2181913774973712,0.6146161934805467,0.7818086225026288,0.1309148264984227,15.662650602409638,20.0,20.0,1.0,0.8894583167051812
463.0,291.6464068455293,291.6464068455293,100.3808397796385,100.3808397796385,12.547604972454813,68,0.8335084033613446,0.21796218487394958,0.615546218487395,0.7820378151260504,0.13077731092436976,15.662650602409638,20.0,20.0,1.0,0.9000570616916349
464.0,305.57045584318655,282.4300682215302,100.27987680243086,100.27987680243085,12.534984600303856,68,0.8339444735463594,0.2179151388161341,0.6160293347302253,0.7820848611838659,0.13043478260869565,15.662650602409638,20.0,20.0,1.0,0.9018362095160654
465.0,132.4062669305792,91.77961259933323,99.81309933099166,99.81309933099166,12.476637416373958,68,0.8342050209205021,0.21809623430962344,0.6161087866108786,0.7819037656903766,0.13023012552301255,15.662650602409638,20.0,20.0,1.0,0.9074102097892139
466.0,1075.555156579053,893.405547192924,99.2127959216479,99.21279592164788,12.401599490205985,68,0.8348097967691506,0.21834288692027098,0.6164669098488796,0.7816571130797291,0.12975508077123502,15.662650602409638,20.0,20.0,1.0,0.9149490543637566
467.0,595.2373078817593,595.2373078817593,99.53296582264055,99.53296582264055,12.441620727830069,66,0.836022904737116,0.2181155648099948,0.6179073399271213,0.7818844351900052,0.12961998958875587,15.662650602409638,20.0,20.0,1.0,0.9128061518650354
468.0,446.5959214613467,446.5959214613467,101.03710787834416,101.03710787834416,12.62963848479302,66,0.8362785862785863,0.21777546777546777,0.6185031185031185,0.7822245322245323,0.1294178794178794,15.662650602409638,20.0,20.0,1.0,0.9414509060500645
469.0,262.0417504790579,262.0417504790579,101.11045906905707,101.11045906905707,12.638807383632134,64,0.8374025974025974,0.21766233766233767,0.6197402597402597,0.7823376623376623,0.12935064935064935,15.662650602409638,20.0,20.0,1.0,0.9414074817039856
470.0,455.08136941687405,116.48311033325426,101.18075030334953,101.18075030334953,12.64759378791869,65,0.8366182572614108,0.21784232365145229,0.6187759336099585,0.7821576763485477,0.12966804979253113,15.672,20.0,20.0,1.0,0.9412586294675277
471.0,1809.7883282909695,850.8392736097795,99.43878136687302,99.43878136687304,12.42984767085913,69,0.8352272727272727,0.21745867768595042,0.6177685950413223,0.7825413223140496,0.12913223140495866,15.672,20.0,20.0,1.0,0.9156909128841976
472.0,787.1539952713983,787.1539952713983,99.8906574827419,99.8906574827419,12.486332185342738,68,0.8361669242658424,0.21689850592478105,0.6192684183410613,0.783101494075219,0.1287995878413189,15.672,20.0,20.0,1.0,0.9114740360564493
473.0,2172.8233839205313,2172.8233839205313,100.78994766965924,100.78994766965923,12.598743458707403,70,0.8356445814072933,0.2162300975860298,0.6194144838212635,0.7837699024139703,0.12840267077555212,15.672,20.0,20.0,1.0,0.8979634241775156
474.0,1555.0643777523321,1311.634741901029,101.54096629984008,101.5409662998401,12.692620787480012,69,0.8366615463389657,0.2160778289810548,0.620583717357911,0.7839221710189452,0.12800819252432155,15.672,20.0,20.0,1.0,0.8918122405864028
475.0,581.1743971139406,8.0,101.53754715753911,101.53754715753912,12.69219339469239,67,0.8375893769152196,0.21756894790602654,0.6200204290091931,0.7824310520939735,0.12819203268641471,15.673306772908367,20.0,20.0,1.0,0.8918502449608394
476.0,470.4346295236864,470.4346295236864,100.63383837479392,100.63383837479394,12.579229796849242,71,0.8360488798370672,0.21690427698574338,0.6191446028513238,0.7830957230142567,0.12780040733197556,15.673306772908367,20.0,20.0,1.0,0.8998827462298546
477.0,324.31382686085493,180.89470765320044,100.60226583358346,100.60226583358349,12.575283229197936,71,0.8358739837398373,0.21697154471544716,0.6189024390243902,0.7830284552845529,0.12804878048780488,15.642857142857142,20.0,20.0,1.0,0.9001230773769273
478.0,1241.4810936921108,8.0,99.70258906940967,99.7025890694097,12.462823633676212,70,0.8368794326241135,0.2188449848024316,0.6180344478216818,0.7811550151975684,0.1276595744680851,15.642857142857142,20.0,20.0,1.0,0.9128094517974056
479.0,8.0,8.0,99.34591118256516,99.34591118256516,12.418238897820645,67,0.8379746835443038,0.21873417721518987,0.6192405063291139,0.7812658227848102,0.1281012658227848,15.65612648221344,20.0,20.0,1.0,0.9168152399082105
480.0,837.1212198576085,594.3878190802412,99.4435799186935,99.44357991869352,12.43044748983669,70,0.8368686868686869,0.21868686868686868,0.6181818181818182,0.7813131313131313,0.12777777777777777,15.65612648221344,20.0,20.0,1.0,0.9160835213092281
481.0,154.12346550270922,87.7573768421432,100.59065126464255,100.59065126464255,12.573831408080318,63,0.8401412002017146,0.2188603126575895,0.621280887544125,0.7811396873424105,0.1280887544125063,15.65748031496063,20.0,20.0,1.0,0.9021224070073831
482.0,1554.4595821197165,1412.3699062805865,100.58110723018997,100.58110723018997,12.572638403773746,65,0.8396984924623115,0.21909547738693466,0.6206030150753769,0.7809045226130653,0.12763819095477386,15.65748031496063,20.0,20.0,1.0,0.9024733069374403
483.0,164.44127063766703,28.021738369328226,100.5697930380253,100.56979303802528,12.57122412975316,64,0.8404415454089312,0.21976919217260413,0.6206723532363272,0.7802308078273958,0.12744606121424987,15.65748031496063,20.0,20.0,1.0,0.9028223384221046
484.0,29.10673740431665,29.10673740431665,102.35612800858668,102.35612800858671,12.794516001073339,60,0.8416040100250627,0.21954887218045113,0.6220551378446115,0.7804511278195488,0.12832080200501253,15.65625,20.0,20.0,1.0,0.9152769677536514
485.0,960.4315535640695,960.4315535640695,101.5484989438747,101.5484989438747,12.693562367984338,62,0.840920460230115,0.2191095547773887,0.6218109054527263,0.7808904452226113,0.128064032016008,15.65625,20.0,20.0,1.0,0.9229219651656358
486.0,0.0,0.0,101.58647766080391,101.58647766080391,12.698309707600488,58,0.8429214607303652,0.2191095547773887,0.6238119059529765,0.7808904452226113,0.128064032016008,15.65625,20.0,20.0,1.0,0.9227725416021172
487.0,1349.2716247112066,1277.637866751572,100.20810950381951,100.20810950381954,12.526013687977443,62,0.8414755732801595,0.21884346959122633,0.6226321036889332,0.7811565304087736,0.12761714855433698,15.65625,20.0,20.0,1.0,0.9096105746101205
488.0,2305.0364558293295,1580.4138881182503,101.2541779790619,101.25417797906191,12.656772247382738,66,0.8397022332506203,0.21885856079404467,0.6208436724565757,0.7811414392059554,0.12754342431761787,15.634241245136186,20.0,20.0,1.0,0.8987382544608196
489.0,518.1714490043531,107.86575089077377,101.26443233193237,101.26443233193237,12.658054041491546,65,0.8395245170876672,0.21941555225359088,0.6201089648340763,0.7805844477464091,0.12828132738979692,15.644787644787645,20.0,20.0,1.0,0.8986720716904517
490.0,1755.7358951231233,1589.8038939196224,101.50978300942377,101.50978300942376,12.68872287617797,69,0.8371978293043907,0.21904292057227429,0.6181549087321164,0.7809570794277257,0.12876171682289098,15.659003831417625,20.0,20.0,1.0,0.8969346090606769
491.0,558.4807255879407,305.06853619341285,101.86023194627663,101.86023194627661,12.732528993284577,65,0.8385032003938946,0.2191038897095027,0.6193993106843919,0.7808961102904973,0.1294928606597735,15.67680608365019,20.0,20.0,1.0,0.8943960880153071
492.0,734.3177842835805,734.3177842835805,103.14862888445866,103.14862888445866,12.893578610557332,63,0.8392330383480826,0.21878072763028517,0.6204523107177975,0.7812192723697149,0.12979351032448377,15.651515151515152,20.0,20.0,1.0,0.905179890114387
493.0,30.10165569507436,30.10165569507436,102.7008815981193,102.70088159811927,12.837610199764908,59,0.8407862407862408,0.21867321867321868,0.6221130221130221,0.7813267813267813,0.13022113022113022,15.652830188679244,20.0,20.0,1.0,0.9110874792771038
494.0,43.69214073954616,43.69214073954616,102.84036757943215,102.84036757943215,12.85504594742902,57,0.8420019627085378,0.218351324828263,0.6236506378802747,0.781648675171737,0.13002944062806673,15.652830188679244,20.0,20.0,1.0,0.9107599716649524
495.0,1993.1363926086196,1993.1363926086196,101.24292588462792,101.24292588462791,12.655365735578489,64,0.8391984359726296,0.21749755620723363,0.6217008797653959,0.7825024437927663,0.1295210166177908,15.652830188679244,20.0,20.0,1.0,0.9021532011248474
496.0,423.5850265095481,43.183067743186704,101.32664851586537,101.32664851586536,12.66583106448317,59,0.8408203125,0.2177734375,0.623046875,0.7822265625,0.13037109375,15.651685393258427,20.0,20.0,1.0,0.9011140209389091
497.0,846.2074255389152,846.2074255389152,101.39891680436504,101.39891680436504,12.67486460054563,60,0.8406432748538012,0.21734892787524365,0.6232943469785575,0.7826510721247564,0.1301169590643275,15.651685393258427,20.0,20.0,1.0,0.9000002831792906
498.0,330.87226949543344,330.87226949543344,101.45966474376444,101.45966474376444,12.682458092970554,59,0.8402338041889917,0.2172430589381393,0.6229907452508524,0.7827569410618607,0.13102776424744278,15.635687732342008,20.0,20.0,1.0,0.8988145983945435
499.0,476.227113965131,0.0,102.25478765593009,102.25478765593009,12.781848456991261,59,0.840389294403893,0.21800486618004866,0.6223844282238443,0.7819951338199513,0.13090024330900243,15.635687732342008,20.0,20.0,1.0,0.8898068695768743
500.0,1292.941990303344,1054.5329236367418,101.41060632088771,101.41060632088771,12.676325790110964,60,0.8403687530325085,0.2183406113537118,0.6220281416787967,0.7816593886462883,0.13051916545366327,15.635687732342008,20.0,20.0,1.0,0.8974968000782372
501.0,1550.4139018245532,612.8937228379357,101.62854595516079,101.62854595516079,12.703568244395099,64,0.8384912959381045,0.21808510638297873,0.6204061895551257,0.7819148936170213,0.13056092843326886,15.651851851851852,20.0,20.0,1.0,0.8941331478189861
502.0,1683.163043570786,1683.163043570786,101.8929831796807,101.8929831796807,12.736622897460087,63,0.8388030888030888,0.21766409266409267,0.6211389961389961,0.7823359073359073,0.13079150579150578,15.649446494464945,20.0,20.0,1.0,0.8915583710845941
503.0,1152.2895500888135,795.2645725639009,101.52392284560352,101.52392284560351,12.690490355700438,65,0.8373435996150145,0.2179980750721848,0.6193455245428297,0.7820019249278152,0.13137632338787295,15.64102564102564,20.0,20.0,1.0,0.8941879103520254
504.0,73.90058982276076,73.90058982276076,102.6722422849111,102.6722422849111,12.834030285613888,67,0.8365384615384616,0.21778846153846154,0.61875,0.7822115384615385,0.13125,15.64102564102564,20.0,20.0,1.0,0.8832817407748874
505.0,959.408866360382,736.3699337731726,102.66109964444709,102.6610996444471,12.832637455555888,66,0.8370086289549377,0.2181208053691275,0.6188878235858102,0.7818791946308725,0.13135186960690318,15.638686131386862,20.0,20.0,1.0,0.8825829444007842
506.0,1532.8037855208152,974.1674039103693,102.62142772648275,102.62142772648275,12.827678465810344,68,0.8359636537541846,0.2185557149689144,0.6174079387852702,0.7814442850310857,0.13151602104256338,15.629090909090909,20.0,20.0,1.0,0.8823565908431855
507.0,1042.291004298192,628.7050440410534,101.80390581036832,101.80390581036833,12.725488226296042,62,0.83810888252149,0.218720152817574,0.6193887297039159,0.7812798471824259,0.13228271251193888,15.631768953068592,20.0,20.0,1.0,0.8903664731081801
508.0,1170.883737117243,1170.883737117243,103.76700509295019,103.76700509295019,12.970875636618773,61,0.8388941849380362,0.21830314585319352,0.6205910390848427,0.7816968541468065,0.13203050524308865,15.631768953068592,20.0,20.0,1.0,0.9003220053180807
509.0,822.2573063741459,611.2917057333916,103.75253851159707,103.75253851159708,12.969067313949635,63,0.8383262006657156,0.21825962910128388,0.6200665715644318,0.7817403708987162,0.1317165953399905,15.631768953068592,20.0,20.0,1.0,0.9009556502813264
510.0,787.4104143451706,542.9459949681412,103.88339923937545,103.88339923937544,12.98542490492193,60,0.8401328273244781,0.21869070208728653,0.6214421252371917,0.7813092979127134,0.13140417457305503,15.631768953068592,20.0,20.0,1.0,0.9007586146641496
511.0,243.16024720469372,135.0588239837457,101.81267546642384,101.81267546642384,12.72658443330298,58,0.8407582938388626,0.218957345971564,0.6218009478672986,0.781042654028436,0.13175355450236967,15.636690647482014,20.0,20.0,1.0,0.8887113800882787
512.0,2427.8844752067134,2427.8844752067134,100.6242030554742,100.62420305547421,12.578025381934276,62,0.8393953708077468,0.21823334907888522,0.6211620217288616,0.7817666509211147,0.13131790269248939,15.636690647482014,20.0,20.0,1.0,0.901785701653428
513.0,1249.900050354192,884.9022651325738,100.60940038146576,100.60940038146578,12.576175047683222,67,0.8367826904985889,0.21777986829727186,0.6190028222013171,0.7822201317027281,0.1317027281279398,15.667857142857143,20.0,20.0,1.0,0.9021120130309409
514.0,585.2285194055921,431.25851887616966,101.82315997669023,101.82315997669026,12.727894997086283,68,0.8357578601595496,0.21820741435945565,0.6175504458000939,0.7817925856405443,0.1323322383857344,15.656028368794326,20.0,20.0,1.0,0.8879337744407368
515.0,1859.1534966413356,1397.130935204456,101.57938250275303,101.57938250275303,12.69742281284413,67,0.836372136512389,0.21832632071061245,0.6180458158017765,0.7816736792893876,0.13230481533426836,15.650176678445229,20.0,20.0,1.0,0.8898267233049499
516.0,1386.4805978321428,628.038005193546,100.60159159624655,100.60159159624655,12.575198949530819,72,0.8342644320297952,0.21880819366852886,0.6154562383612663,0.7811918063314711,0.13221601489757914,15.654929577464788,20.0,20.0,1.0,0.9032866906341338
517.0,1290.144635671929,633.9471005748263,100.29173184810523,100.29173184810523,12.536466481013154,72,0.8346493265211333,0.21876451463074778,0.6158848118903855,0.7812354853692522,0.13190896423594983,15.654929577464788,20.0,20.0,1.0,0.9060904925971612
518.0,399.06446251050073,96.35228771666645,100.26257980468777,100.26257980468777,12.532822475585972,73,0.8344923504867872,0.2192860454334724,0.6152063050533148,0.7807139545665276,0.13166434863235976,15.654929577464788,20.0,20.0,1.0,0.9063759146562946
519.0,76.1611049760273,76.1611049760273,100.54920378396307,100.54920378396307,12.568650472995383,74,0.8341056533827618,0.21918443002780352,0.6149212233549582,0.7808155699721965,0.13160333642261354,15.654929577464788,20.0,20.0,1.0,0.9037759364843896
520.0,405.8970611175238,379.3462445132386,100.52183729380708,100.5218372938071,12.565229661725887,75,0.833256351039261,0.21893764434180138,0.6143187066974596,0.7810623556581986,0.13210161662817552,15.660839160839162,20.0,20.0,1.0,0.9037678716758732
521.0,439.0254405108342,439.0254405108342,99.84526602812507,99.84526602812508,12.480658253515635,73,0.8343331795108445,0.21873557914167052,0.615597600369174,0.7812644208583295,0.1319796954314721,15.660839160839162,20.0,20.0,1.0,0.9103739169546827
522.0,1353.3083831767503,1138.5599911295114,99.82009975809476,99.82009975809474,12.477512469761843,75,0.8339466421343146,0.21895124195032198,0.6149954001839927,0.781048758049678,0.13155473781048757,15.660839160839162,20.0,20.0,1.0,0.9100404706405698
523.0,839.9548308655748,0.0,99.79028366160279,99.7902836616028,12.47378545770035,71,0.8359375,0.21966911764705882,0.6162683823529411,0.7803308823529411,0.13143382352941177,15.660839160839162,20.0,20.0,1.0,0.9096268430598453
524.0,914.704886851348,512.537423678901,99.7561054044215,99.7561054044215,12.469513175552688,74,0.8350137488542622,0.21998166819431714,0.615032080659945,0.7800183318056828,0.1310724106324473,15.660839160839162,20.0,20.0,1.0,0.9091360777903396
525.0,1115.7025492544144,969.505400881365,100.15220534711746,100.15220534711746,12.519025668389682,75,0.83493369913123,0.21993598536808415,0.6149977137631458,0.7800640146319159,0.13077274805669867,15.660839160839162,20.0,20.0,1.0,0.9006555025047505
526.0,1439.8945206979972,953.9868988872215,100.06698811139313,100.06698811139313,12.508373513924141,73,0.8356914650844364,0.22044728434504793,0.6152441807393884,0.7795527156549521,0.13099041533546327,15.655052264808363,20.0,20.0,1.0,0.9007675726147024
527.0,838.9981426432003,838.9981426432003,99.98429034948745,99.98429034948744,12.49803629368593,76,0.8346994535519126,0.21994535519125682,0.6147540983606558,0.7800546448087432,0.13069216757741348,15.655052264808363,20.0,20.0,1.0,0.9007495889191451
528.0,201.16221908084148,175.15925574501378,99.950647669084,99.950647669084,12.4938309586355,72,0.8362147406733395,0.22020018198362148,0.6160145586897179,0.7797998180163785,0.13102820746132848,15.645833333333334,20.0,20.0,1.0,0.8998419785681333
529.0,689.6485097993246,424.05732080022256,99.48538957887486,99.48538957887487,12.43567369735936,70,0.8374205267938238,0.22070844686648503,0.6167120799273388,0.779291553133515,0.1307901907356948,15.645833333333334,20.0,20.0,1.0,0.906700848548515
530.0,1112.2594559032716,380.8818894129014,99.8666736708285,99.86667367082852,12.483334208853565,71,0.8371040723981901,0.22126696832579185,0.6158371040723982,0.7787330316742082,0.13076923076923078,15.653979238754324,20.0,20.0,1.0,0.8981053095664703
531.0,213.83657536014212,163.9794762322577,100.6277940451887,100.62779404518871,12.578474255648588,71,0.8369467028003613,0.22177055103884372,0.6151761517615176,0.7782294489611563,0.13098464317976513,15.66551724137931,20.0,20.0,1.0,0.8882154876386216
532.0,378.96856526741396,370.96856526741396,99.71127347779922,99.71127347779921,12.463909184724901,67,0.8390441839495041,0.2218214607754734,0.6172227231740307,0.7781785392245266,0.13074842200180342,15.66551724137931,20.0,20.0,1.0,0.9011849994764478
533.0,838.0166267294624,838.0166267294624,99.88264211006714,99.88264211006711,12.485330263758389,65,0.8394062078272605,0.2213225371120108,0.6180836707152496,0.7786774628879892,0.1313540260908682,15.64041095890411,20.0,20.0,1.0,0.896501000778866
534.0,382.4709391569547,382.4709391569547,99.85963540857264,99.85963540857263,12.482454426071579,66,0.8392456219128873,0.2209250112258644,0.6183206106870229,0.7790749887741356,0.1311180960933992,15.64041095890411,20.0,20.0,1.0,0.8967203280887868
535.0,481.0361824219426,0.0,99.50699587926297,99.50699587926297,12.438374484907872,59,0.8420107719928187,0.22127468581687612,0.6207360861759426,0.7787253141831239,0.131508078994614,15.634812286689419,20.0,20.0,1.0,0.8999370990451124
536.0,997.7066150449875,693.6571535452582,99.10201233432501,99.102012334325,12.387751541790625,59,0.8424350940017905,0.22112802148612354,0.621307072515667,0.7788719785138765,0.13115487914055507,15.634812286689419,20.0,20.0,1.0,0.90540469021422
537.0,630.0839327000019,630.0839327000019,99.1290081754468,99.12900817544678,12.391126021930848,57,0.8434704830053668,0.22093023255813954,0.6225402504472272,0.7790697674418605,0.1310375670840787,15.634812286689419,20.0,20.0,1.0,0.9052836191317408
538.0,452.4317188070757,452.4317188070757,99.15448770023843,99.15448770023845,12.394310962529806,57,0.84323358642251,0.2206342117016525,0.6225993747208576,0.7793657882983475,0.13130861991960696,15.608843537414966,20.0,20.0,1.0,0.9051129375811785
539.0,462.82002353137085,155.1156963702412,99.17848638124099,99.17848638124099,12.397310797655123,59,0.8426214890771289,0.22068658047258136,0.6219349086045475,0.7793134195274186,0.13107445385644226,15.608843537414966,20.0,20.0,1.0,0.9048906387939777
540.0,890.8732476631272,813.46933836178,100.4544870380267,100.45448703802668,12.556810879753336,57,0.8437917222963952,0.22073876279483756,0.6230529595015576,0.7792612372051625,0.1308411214953271,15.608843537414966,20.0,20.0,1.0,0.888473725518949
541.0,1402.8568455270008,1324.8448360679083,99.27175040831501,99.27175040831499,12.408968801039373,61,0.8425022182786158,0.2204968944099379,0.6220053238686779,0.7795031055900621,0.13043478260869565,15.608843537414966,20.0,20.0,1.0,0.8999951793952602
542.0,419.7574462866916,187.70867235947597,99.78581102146403,99.78581102146403,12.473226377683003,61,0.8429203539823009,0.22079646017699114,0.6221238938053097,0.7792035398230088,0.13008849557522123,15.608843537414966,20.0,20.0,1.0,0.8949811972329024
543.0,727.5260550529254,727.5260550529254,99.77192425259048,99.77192425259047,12.471490531573808,64,0.8418029164825453,0.2205037560760053,0.62129916040654,0.7794962439239947,0.12991604065399912,15.608843537414966,20.0,20.0,1.0,0.895041467944376
544.0,256.7945580588105,256.7945580588105,98.6254489293636,98.62544892936359,12.328181116170448,62,0.8420123565754634,0.2202118270079435,0.6218005295675199,0.7797881729920565,0.13062665489849956,15.614864864864865,20.0,20.0,1.0,0.9096137436068863
545.0,119.60628455166481,56.080606659669954,97.19825939270893,97.19825939270893,12.149782424088617,60,0.8430335097001763,0.2204585537918871,0.6225749559082893,0.7795414462081128,0.13051146384479717,15.614864864864865,20.0,20.0,1.0,0.9271077056675842
546.0,444.24373582922317,382.81429217240066,97.19763821725886,94.62072658644645,11.827590823305806,56,0.8436123348017621,0.22070484581497798,0.6229074889867842,0.779295154185022,0.13171806167400882,15.618729096989966,20.0,20.0,1.0,0.9274065037182907
547.0,304.65869470199436,261.22931629723456,100.94746316966865,100.94746316966864,12.61843289620858,56,0.8440246045694201,0.22056239015817222,0.6234622144112478,0.7794376098418277,0.1313708260105448,15.618729096989966,20.0,20.0,1.0,0.9258142301907659
548.0,385.2047732563612,330.10075598384685,100.97672427772886,96.70170799085152,12.08771349885644,56,0.843489697501096,0.2209557211749233,0.6225339763261727,0.7790442788250768,0.1319596668128014,15.617940199335548,20.0,20.0,1.0,0.9261283114204981
549.0,359.8464789661556,359.8464789661556,104.82840597379138,104.82840597379135,13.103550746723919,57,0.8432574430823118,0.22066549912434325,0.6225919439579685,0.7793345008756567,0.1317863397548161,15.617940199335548,20.0,20.0,1.0,0.9621096805626977
550.0,952.7255922432425,952.7255922432425,102.84884658734566,102.84884658734565,12.856105823418206,59,0.8427260812581914,0.22018348623853212,0.6225425950196593,0.7798165137614679,0.13149847094801223,15.617940199335548,20.0,20.0,1.0,0.9425949742093676
551.0,1145.536557760279,667.2814071758488,104.19939578050445,104.19939578050445,13.024924472563056,59,0.8421282163105103,0.22023549934583514,0.6218927169646751,0.7797645006541648,0.1321412996075011,15.623762376237623,20.0,20.0,1.0,0.9316638612566109
552.0,1248.482719579698,1154.0153445006213,101.15713567290177,101.15713567290176,12.64464195911272,61,0.8416013925152306,0.22019147084421237,0.6214099216710183,0.7798085291557877,0.13185378590078328,15.623762376237623,20.0,20.0,1.0,0.9068315150972008
553.0,2060.162719519481,565.7539195365532,99.62620055112906,99.62620055112905,12.45327506889113,63,0.8412147505422993,0.220824295010846,0.6203904555314533,0.779175704989154,0.1314533622559653,15.623762376237623,20.0,20.0,1.0,0.9073168101587543
554.0,189.68244511485798,189.68244511485798,100.26783629759437,100.26783629759437,12.533479537199296,64,0.8410567345171069,0.22044174967518407,0.6206149848419229,0.779558250324816,0.13122563880467736,15.623762376237623,20.0,20.0,1.0,0.9019439765972238
555.0,437.3283292990192,437.3283292990192,100.31920901613921,100.31920901613921,12.539901127017401,64,0.8403288619645175,0.22025097360450022,0.6200778883600173,0.7797490263954998,0.13197749891821722,15.645901639344263,20.0,20.0,1.0,0.9024465685095621
556.0,621.3438423942083,621.3438423942083,100.63425390065962,100.6342539006596,12.57928173758245,61,0.8413316039775184,0.22006052745352356,0.6212710765239948,0.7799394725464764,0.13229571984435798,15.637254901960784,20.0,20.0,1.0,0.9006579120937238
557.0,621.3213723524427,621.3213723524427,100.71356444011762,100.71356444011762,12.589195555014703,60,0.8411053540587219,0.21977547495682212,0.6213298791018999,0.7802245250431779,0.13298791018998274,15.64935064935065,20.0,20.0,1.0,0.900677148603607
558.0,1051.6026533061167,1051.6026533061167,101.83695039295844,101.83695039295846,12.729618799119807,66,0.8390012914334912,0.219113215669393,0.6198880757640981,0.780886784330607,0.13258717176065432,15.64935064935065,20.0,20.0,1.0,0.8857741549482508
559.0,900.060500608819,900.060500608819,99.71657780821047,99.71657780821047,12.46457222602631,66,0.8384879725085911,0.2186426116838488,0.6198453608247423,0.7813573883161512,0.1331615120274914,15.661290322580646,20.0,20.0,1.0,0.9122284212897009
560.0,958.9745491225664,958.9745491225664,98.2637719148508,98.26377191485079,12.282971489356349,67,0.8382668382668382,0.21836121836121836,0.6199056199056199,0.7816387816387816,0.132990132990133,15.661290322580646,20.0,20.0,1.0,0.933513009416316
561.0,442.80611295930004,442.80611295930004,99.59832175265647,99.59832175265647,12.44979021908206,65,0.8389721627408994,0.21798715203426125,0.6209850107066381,0.7820128479657388,0.13319057815845825,15.67524115755627,20.0,20.0,1.0,0.9137636612107367
562.0,8.0,8.0,99.19251007806936,99.19251007806936,12.39906375975867,64,0.8394691780821918,0.21789383561643835,0.6215753424657534,0.7821061643835616,0.1331335616438356,15.67524115755627,20.0,20.0,1.0,0.9179822574333429
563.0,600.1288775370921,464.25642786432786,99.87821969455605,99.87821969455604,12.484777461819505,62,0.8396750748182984,0.21804189824711415,0.6216331765711842,0.7819581017528858,0.13381787088499358,15.68370607028754,20.0,20.0,1.0,0.9104825033803418
564.0,370.3129791469921,343.1960592225103,99.25317904185337,99.25317904185336,12.40664738023167,63,0.8395219803670508,0.21809645753307724,0.6214255228339736,0.7819035424669227,0.13358941527955612,15.68370607028754,20.0,20.0,1.0,0.9172719660473395
565.0,672.2899949930281,113.05117561247057,100.36886438995967,100.36886438995965,12.546108048744957,63,0.8397271952259164,0.2186700767263427,0.6210571184995738,0.7813299232736572,0.13341858482523444,15.68370607028754,20.0,20.0,1.0,0.9028608085507268
566.0,313.5524421483395,313.5524421483395,99.92478267244742,99.9247826724474,12.490597834055926,63,0.8394378194207837,0.21848381601362862,0.620954003407155,0.7815161839863713,0.13373083475298125,15.697452229299364,20.0,20.0,1.0,0.9094840153668877
567.0,54.513712895443675,54.513712895443675,104.07991174095248,104.07991174095247,13.009988967619059,63,0.8395744680851064,0.21829787234042553,0.6212765957446809,0.7817021276595745,0.13361702127659575,15.697452229299364,20.0,20.0,1.0,0.9267371605424318
568.0,880.9951000800347,845.2590335014488,101.00142297790188,101.00142297790188,12.625177872237735,65,0.8392023759015698,0.21849809079338142,0.6207042851081884,0.7815019092066186,0.13322019516334324,15.697452229299364,20.0,20.0,1.0,0.8966130106754262
569.0,316.48676830876565,316.48676830876565,101.04306860885909,101.04306860885909,12.630383576107386,63,0.8397626112759644,0.21831284442560406,0.6214497668503604,0.7816871555743959,0.13353115727002968,15.707936507936507,20.0,20.0,1.0,0.8963873067991038
570.0,136.591311808033,10.683541787014782,101.21302193863154,101.21302193863154,12.651627742328943,59,0.8415925455315544,0.21855146124523506,0.6230410842863193,0.7814485387547649,0.13341804320203304,15.707936507936507,20.0,20.0,1.0,0.8951166381913717
571.0,104.43207402016785,104.43207402016785,101.37375501271306,101.37375501271305,12.671719376589131,58,0.841726618705036,0.21836648328396108,0.6233601354210749,0.781633516716039,0.13372831146847228,15.718354430379748,20.0,20.0,1.0,0.8938150568826853
572.0,520.5720867702305,520.5720867702305,99.83632554728744,99.83632554728743,12.479540693410929,55,0.8427061310782241,0.21818181818181817,0.6245243128964059,0.7818181818181819,0.13403805496828752,15.725552050473187,20.0,20.0,1.0,0.9179850830308972
573.0,58.40280809889546,58.40280809889546,101.65850502784164,101.65850502784164,12.707313128480205,53,0.8436179205409975,0.2180896027049873,0.6255283178360102,0.7819103972950127,0.13398140321217245,15.725552050473187,20.0,20.0,1.0,0.8913041855720896
574.0,345.3964645853932,345.3964645853932,101.99674573463227,101.99674573463228,12.749593216829036,51,0.8445945945945946,0.2179054054054054,0.6266891891891891,0.7820945945945946,0.13386824324324326,15.725552050473187,20.0,20.0,1.0,0.8889404781498511
575.0,274.460834949023,274.460834949023,102.04359630322452,102.04359630322453,12.755449537903067,51,0.8446601941747572,0.2178134233853947,0.6268467707893626,0.7821865766146053,0.13381173490924442,15.725552050473187,20.0,20.0,1.0,0.8889731736320635
576.0,757.3868153097951,757.3868153097951,102.08443847411341,102.08443847411343,12.760554809264178,50,0.8447912273302404,0.21762969211303249,0.627161535217208,0.7823703078869675,0.13412062420919443,15.732704402515724,20.0,20.0,1.0,0.8893394470436506
577.0,788.3249287826302,788.3249287826302,101.74271982349329,101.74271982349329,12.717839977936661,53,0.843920908708456,0.2170803533866218,0.6268405553218342,0.7829196466133782,0.13378207824989483,15.732704402515724,20.0,20.0,1.0,0.8925530860380031
578.0,101.72748022615465,101.72748022615465,105.05700983777015,105.05700983777015,13.132126229721269,47,0.8461538461538461,0.21689785624211855,0.6292559899117276,0.7831021437578815,0.1340899537620849,15.721003134796238,20.0,20.0,1.0,0.9150342136613048
579.0,253.12735952038287,253.12735952038287,101.64927447940687,101.64927447940688,12.70615930992586,49,0.8457023060796646,0.21635220125786164,0.629350104821803,0.7836477987421384,0.13375262054507336,15.721003134796238,20.0,20.0,1.0,0.8940295647797355
580.0,290.7679610035242,290.7679610035242,102.28108156546017,102.28108156546018,12.785135195682523,45,0.8462505236698785,0.2161709258483452,0.6300795978215333,0.7838290741516548,0.1348973607038123,15.748447204968944,20.0,20.0,1.0,0.8886304767799277
581.0,437.21084699904077,437.21084699904077,103.97177961022346,102.93454437785009,12.866818047231261,42,0.8467978233570531,0.21598995395562998,0.6308078694014232,0.7840100460443701,0.13562159899539555,15.700617283950617,20.0,20.0,1.0,0.9039883327659729
582.0,456.2073760980137,283.45097024164556,106.94162245256953,106.94162245256952,13.36770280657119,46,0.8454469507101086,0.2159565580618212,0.6294903926482874,0.7840434419381788,0.13533834586466165,15.700617283950617,20.0,20.0,1.0,0.9417045690795056
583.0,1668.1503130288809,1554.913388027344,106.92339859254763,106.9233985925476,13.36542482406845,49,0.8446480633069554,0.21615993336109954,0.6284881299458559,0.7838400666389005,0.13494377342773844,15.700617283950617,20.0,20.0,1.0,0.941749301942468
584.0,756.5465501730403,756.5465501730403,103.85346705779841,103.85346705779843,12.981683382224803,50,0.8440748440748441,0.2158004158004158,0.6282744282744283,0.7841995841995842,0.13513513513513514,15.68923076923077,20.0,20.0,1.0,0.9038955966676858
585.0,135.2185305330972,135.2185305330972,103.79107846465435,103.79107846465435,12.973884808081793,51,0.8437889488990444,0.21562110511009555,0.6281678437889489,0.7843788948899044,0.13502285002077274,15.68923076923077,20.0,20.0,1.0,0.9037284567731786
586.0,347.2923247758241,347.2923247758241,103.67044544792361,103.6704454479236,12.95880568099045,50,0.8439186384391864,0.21544209215442092,0.6284765462847655,0.7845579078455791,0.1353258613532586,15.696319018404909,20.0,20.0,1.0,0.9037340737653986
587.0,767.3070599150586,767.3070599150586,103.59695131979143,103.59695131979143,12.949618914973929,52,0.8432835820895522,0.21517412935323382,0.6281094527363185,0.7848258706467661,0.1351575456053068,15.696319018404909,20.0,20.0,1.0,0.90337064523173
588.0,1334.5222544320477,1113.3264473881766,105.00811948528502,105.00811948528501,13.126014935660626,51,0.8436724565756824,0.21505376344086022,0.6286186931348222,0.7849462365591398,0.13523573200992556,15.703363914373089,20.0,20.0,1.0,0.9356933191777961
589.0,497.7877029139858,497.7877029139858,102.89210219799426,102.89210219799428,12.861512774749285,51,0.8433884297520661,0.21487603305785125,0.6285123966942149,0.7851239669421488,0.13553719008264462,15.695121951219512,20.0,20.0,1.0,0.9272414320329156
590.0,782.1632244070871,740.0928155552477,103.75081880273129,103.75081880273127,12.96885235034141,55,0.841714756801319,0.2147568013190437,0.6269579554822754,0.7852431986809563,0.13561417971970322,15.683890577507599,20.0,20.0,1.0,0.9177933898703473
591.0,775.9015998462565,708.7692653586505,103.66830832582805,103.66830832582805,12.958538540728506,59,0.8404605263157895,0.21463815789473684,0.6258223684210527,0.7853618421052632,0.13527960526315788,15.683890577507599,20.0,20.0,1.0,0.9173737297132346
592.0,775.1050738456075,611.4091448202473,103.58485233819533,103.58485233819532,12.948106542274415,59,0.840311986863711,0.21469622331691296,0.625615763546798,0.785303776683087,0.1354679802955665,15.67878787878788,20.0,20.0,1.0,0.9168644964577266
593.0,111.51516145859317,75.4031518154107,103.49040876949455,103.49040876949455,12.936301096186819,58,0.8400328137817884,0.21493027071369974,0.6251025430680885,0.7850697292863003,0.1361771944216571,15.650602409638553,20.0,20.0,1.0,0.9162507560925787
594.0,744.5001077888602,265.8452014806897,103.3824246579471,103.38242465794708,12.922803082243385,58,0.8402294141745187,0.2150757886112249,0.6251536255632937,0.7849242113887751,0.1360098320360508,15.650602409638553,20.0,20.0,1.0,0.9155557948425688
595.0,224.94799429874803,224.94799429874803,101.95925511397073,101.95925511397073,12.74490688924634,58,0.8399508800654932,0.2148997134670487,0.6250511665984445,0.7851002865329513,0.13630781825624233,15.654654654654655,20.0,20.0,1.0,0.8903177973979874
596.0,242.49669160894007,234.49669160894007,101.86256975932167,101.86256975932166,12.732821219915207,61,0.8391180073499388,0.2147815434871376,0.6243364638628012,0.7852184565128624,0.13597386688444263,15.654654654654655,20.0,20.0,1.0,0.8906030662075247
597.0,189.57741930167572,135.92267227913027,103.94558652188873,103.9455865218887,12.993198315236087,58,0.8404732762137903,0.2150142798857609,0.6254589963280294,0.7849857201142391,0.13586291309669524,15.654654654654655,20.0,20.0,1.0,0.9216947382398009
598.0,913.3640350061544,913.3640350061544,103.78709161385333,103.78709161385333,12.973386451731667,57,0.8398533007334963,0.21475142624286878,0.6251018744906276,0.7852485737571312,0.13691931540342298,15.675595238095237,20.0,20.0,1.0,0.9222792032356012
599.0,1047.8050566935267,1019.7725061268051,103.61240677271833,103.6124067727183,12.951550846589788,61,0.8379366368805848,0.21445978878960195,0.6234768480909829,0.7855402112103981,0.1372867587327376,15.689349112426035,20.0,20.0,1.0,0.9228347065166818
